# number of rays:       5
# iteration   ray    X              A              Y              B              T              D
         0      0  0.0000000E+00  0.0000000E+00  0.0000000E+00  0.0000000E+00  0.0000000E+00  0.0000000E+00
         0      1  0.0000000E+00  0.0000000E+00  0.0000000E+00  0.0000000E+00  0.0000000E+00  0.0000000E+00
         0      2  0.0000000E+00  0.0000000E+00  0.0000000E+00  0.0000000E+00  0.0000000E+00  0.1000000E-03
         0      3  0.0000000E+00  0.0000000E+00  0.0000000E+00  0.0000000E+00  0.0000000E+00  0.2000000E-03
         0      4  0.0000000E+00  0.0000000E+00  0.0000000E+00  0.0000000E+00  0.0000000E+00  0.5000000E-03

        10      0  0.0000000E+00  0.0000000E+00  0.0000000E+00  0.0000000E+00  0.0000000E+00  0.0000000E+00
        10      1  0.0000000E+00  0.0000000E+00  0.0000000E+00  0.0000000E+00  0.0000000E+00  0.0000000E+00
        10      2  0.7961769E-06 -0.2498327E-06  0.0000000E+00  0.0000000E+00 -0.1683180E-02  0.9999989E-04
        10      3  0.1520979E-05 -0.4455051E-06  0.0000000E+00  0.0000000E+00 -0.3370426E-02  0.1999995E-03
        10      4  0.3078903E-05 -0.7168592E-06  0.0000000E+00  0.0000000E+00 -0.8456616E-02  0.4999971E-03

        20      0  0.0000000E+00  0.0000000E+00  0.0000000E+00  0.0000000E+00  0.0000000E+00  0.0000000E+00
        20      1  0.0000000E+00  0.0000000E+00  0.0000000E+00  0.0000000E+00  0.0000000E+00  0.0000000E+00
        20      2  0.3586619E-06  0.1188926E-06  0.0000000E+00  0.0000000E+00 -0.3350978E-02  0.9999977E-04
        20      3  0.5118226E-06  0.2322939E-06  0.0000000E+00  0.0000000E+00 -0.6710056E-02  0.1999990E-03
        20      4  0.2728165E-06  0.3550175E-06  0.0000000E+00  0.0000000E+00 -0.1683599E-01  0.4999934E-03

        30      0  0.0000000E+00  0.0000000E+00  0.0000000E+00  0.0000000E+00  0.0000000E+00  0.0000000E+00
        30      1  0.0000000E+00  0.0000000E+00  0.0000000E+00  0.0000000E+00  0.0000000E+00  0.0000000E+00
        30      2  0.2137398E-06 -0.1800593E-06  0.0000000E+00  0.0000000E+00 -0.5003538E-02  0.9999964E-04
        30      3  0.6165845E-06 -0.4140302E-06  0.0000000E+00  0.0000000E+00 -0.1001918E-01  0.1999984E-03
        30      4  0.2478775E-05 -0.9467865E-06  0.0000000E+00  0.0000000E+00 -0.2513884E-01  0.4999883E-03

        40      0  0.0000000E+00  0.0000000E+00  0.0000000E+00  0.0000000E+00  0.0000000E+00  0.0000000E+00
        40      1  0.0000000E+00  0.0000000E+00  0.0000000E+00  0.0000000E+00  0.0000000E+00  0.0000000E+00
        40      2  0.8670464E-06 -0.1038755E-06  0.0000000E+00  0.0000000E+00 -0.6640996E-02  0.9999949E-04
        40      3  0.1457168E-05 -0.5075148E-07  0.0000000E+00  0.0000000E+00 -0.1329806E-01  0.1999977E-03
        40      4  0.1130570E-05  0.4329863E-06  0.0000000E+00  0.0000000E+00 -0.3336584E-01  0.4999808E-03

        50      0  0.0000000E+00  0.0000000E+00  0.0000000E+00  0.0000000E+00  0.0000000E+00  0.0000000E+00
        50      1  0.0000000E+00  0.0000000E+00  0.0000000E+00  0.0000000E+00  0.0000000E+00  0.0000000E+00
        50      2  0.3976574E-07  0.8167519E-07  0.0000000E+00  0.0000000E+00 -0.8263491E-02  0.9999932E-04
        50      3 -0.1437286E-08  0.1036777E-07  0.0000000E+00  0.0000000E+00 -0.1654698E-01  0.1999968E-03
        50      4  0.1463860E-05 -0.8637483E-06  0.0000000E+00  0.0000000E+00 -0.4151770E-01  0.4999705E-03

        60      0  0.0000000E+00  0.0000000E+00  0.0000000E+00  0.0000000E+00  0.0000000E+00  0.0000000E+00
        60      1  0.0000000E+00  0.0000000E+00  0.0000000E+00  0.0000000E+00  0.0000000E+00  0.0000000E+00
        60      2  0.6177995E-06 -0.2706788E-06  0.0000000E+00  0.0000000E+00 -0.9871161E-02  0.9999911E-04
        60      3  0.1507702E-05 -0.4513882E-06  0.0000000E+00  0.0000000E+00 -0.1976622E-01  0.1999956E-03
        60      4  0.2184517E-05  0.1986051E-06  0.0000000E+00  0.0000000E+00 -0.4959509E-01  0.4999565E-03

        70      0  0.0000000E+00  0.0000000E+00  0.0000000E+00  0.0000000E+00  0.0000000E+00  0.0000000E+00
        70      1  0.0000000E+00  0.0000000E+00  0.0000000E+00  0.0000000E+00  0.0000000E+00  0.0000000E+00
        70      2  0.5848977E-06  0.6816078E-07  0.0000000E+00  0.0000000E+00 -0.1146414E-01  0.9999888E-04
        70      3  0.5355155E-06  0.2312724E-06  0.0000000E+00  0.0000000E+00 -0.2295605E-01  0.1999942E-03
        70      4  0.4941306E-06 -0.5054027E-06  0.0000000E+00  0.0000000E+00 -0.5759869E-01  0.4999381E-03

        80      0  0.0000000E+00  0.0000000E+00  0.0000000E+00  0.0000000E+00  0.0000000E+00  0.0000000E+00
        80      1  0.0000000E+00  0.0000000E+00  0.0000000E+00  0.0000000E+00  0.0000000E+00  0.0000000E+00
        80      2  0.5593412E-07 -0.8379657E-07  0.0000000E+00  0.0000000E+00 -0.1304256E-01  0.9999860E-04
        80      3  0.5925715E-06 -0.4066478E-06  0.0000000E+00  0.0000000E+00 -0.2611673E-01  0.1999924E-03
        80      4  0.2957076E-05 -0.2419099E-06  0.0000000E+00  0.0000000E+00 -0.6552915E-01  0.4999147E-03

        90      0  0.0000000E+00  0.0000000E+00  0.0000000E+00  0.0000000E+00  0.0000000E+00  0.0000000E+00
        90      1  0.0000000E+00  0.0000000E+00  0.0000000E+00  0.0000000E+00  0.0000000E+00  0.0000000E+00
        90      2  0.8761932E-06 -0.1964932E-06  0.0000000E+00  0.0000000E+00 -0.1460656E-01  0.9999828E-04
        90      3  0.1473006E-05 -0.6174747E-07  0.0000000E+00  0.0000000E+00 -0.2924853E-01  0.1999903E-03
        90      4  0.9055278E-08 -0.3412976E-07  0.0000000E+00  0.0000000E+00 -0.7338715E-01  0.4998858E-03

       100      0  0.0000000E+00  0.0000000E+00  0.0000000E+00  0.0000000E+00  0.0000000E+00  0.0000000E+00
       100      1  0.0000000E+00  0.0000000E+00  0.0000000E+00  0.0000000E+00  0.0000000E+00  0.0000000E+00
       100      2  0.1844591E-06  0.1231747E-06  0.0000000E+00  0.0000000E+00 -0.1615627E-01  0.9999791E-04
       100      3 -0.2134968E-08  0.2056831E-07  0.0000000E+00  0.0000000E+00 -0.3235171E-01  0.1999878E-03
       100      4  0.3098111E-05 -0.6889470E-06  0.0000000E+00  0.0000000E+00 -0.8117333E-01  0.4998505E-03

       110      0  0.0000000E+00  0.0000000E+00  0.0000000E+00  0.0000000E+00  0.0000000E+00  0.0000000E+00
       110      1  0.0000000E+00  0.0000000E+00  0.0000000E+00  0.0000000E+00  0.0000000E+00  0.0000000E+00
       110      2  0.3938115E-06 -0.2399087E-06  0.0000000E+00  0.0000000E+00 -0.1769181E-01  0.9999749E-04
       110      3  0.1493796E-05 -0.4569513E-06  0.0000000E+00  0.0000000E+00 -0.3542653E-01  0.1999848E-03
       110      4  0.2285859E-06  0.3365017E-06  0.0000000E+00  0.0000000E+00 -0.8888833E-01  0.4998084E-03

       120      0  0.0000000E+00  0.0000000E+00  0.0000000E+00  0.0000000E+00  0.0000000E+00  0.0000000E+00
       120      1  0.0000000E+00  0.0000000E+00  0.0000000E+00  0.0000000E+00  0.0000000E+00  0.0000000E+00
       120      2  0.7740585E-06 -0.1921031E-07  0.0000000E+00  0.0000000E+00 -0.1921332E-01  0.9999701E-04
       120      3  0.5593618E-06  0.2299205E-06  0.0000000E+00  0.0000000E+00 -0.3847326E-01  0.1999814E-03
       120      4  0.2543497E-05 -0.9398724E-06  0.0000000E+00  0.0000000E+00 -0.9653278E-01  0.4997588E-03

       130      0  0.0000000E+00  0.0000000E+00  0.0000000E+00  0.0000000E+00  0.0000000E+00  0.0000000E+00
       130      1  0.0000000E+00  0.0000000E+00  0.0000000E+00  0.0000000E+00  0.0000000E+00  0.0000000E+00
       130      2 -0.1127317E-08  0.1538898E-07  0.0000000E+00  0.0000000E+00 -0.2072093E-01  0.9999646E-04
       130      3  0.5687950E-06 -0.3990267E-06  0.0000000E+00  0.0000000E+00 -0.4149214E-01  0.1999775E-03
       130      4  0.1053463E-05  0.4384302E-06  0.0000000E+00  0.0000000E+00 -0.1041073E+00  0.4997013E-03

       140      0  0.0000000E+00  0.0000000E+00  0.0000000E+00  0.0000000E+00  0.0000000E+00  0.0000000E+00
       140      1  0.0000000E+00  0.0000000E+00  0.0000000E+00  0.0000000E+00  0.0000000E+00  0.0000000E+00
       140      2  0.7724395E-06 -0.2568185E-06  0.0000000E+00  0.0000000E+00 -0.2221477E-01  0.9999584E-04
       140      3  0.1488156E-05 -0.7277677E-07  0.0000000E+00  0.0000000E+00 -0.4448343E-01  0.1999730E-03
       140      4  0.1544341E-05 -0.8807999E-06  0.0000000E+00  0.0000000E+00 -0.1116125E+00  0.4996351E-03

       150      0  0.0000000E+00  0.0000000E+00  0.0000000E+00  0.0000000E+00  0.0000000E+00  0.0000000E+00
       150      1  0.0000000E+00  0.0000000E+00  0.0000000E+00  0.0000000E+00  0.0000000E+00  0.0000000E+00
       150      2  0.3963999E-06  0.1136993E-06  0.0000000E+00  0.0000000E+00 -0.2369495E-01  0.9999516E-04
       150      3 -0.2117264E-08  0.3061174E-07  0.0000000E+00  0.0000000E+00 -0.4744738E-01  0.1999680E-03
       150      4  0.2109900E-05  0.2252632E-06  0.0000000E+00  0.0000000E+00 -0.1190490E+00  0.4995599E-03

       160      0  0.0000000E+00  0.0000000E+00  0.0000000E+00  0.0000000E+00  0.0000000E+00  0.0000000E+00
       160      1  0.0000000E+00  0.0000000E+00  0.0000000E+00  0.0000000E+00  0.0000000E+00  0.0000000E+00
       160      2  0.1825897E-06 -0.1655574E-06  0.0000000E+00  0.0000000E+00 -0.2516160E-01  0.9999439E-04
       160      3  0.1479237E-05 -0.4621981E-06  0.0000000E+00  0.0000000E+00 -0.5038423E-01  0.1999623E-03
       160      4  0.5535678E-06 -0.5382866E-06  0.0000000E+00  0.0000000E+00 -0.1264174E+00  0.4994750E-03

       170      0  0.0000000E+00  0.0000000E+00  0.0000000E+00  0.0000000E+00  0.0000000E+00  0.0000000E+00
       170      1  0.0000000E+00  0.0000000E+00  0.0000000E+00  0.0000000E+00  0.0000000E+00  0.0000000E+00
       170      2  0.8769335E-06 -0.1204638E-06  0.0000000E+00  0.0000000E+00 -0.2661485E-01  0.9999355E-04
       170      3  0.5833653E-06  0.2282417E-06  0.0000000E+00  0.0000000E+00 -0.5329424E-01  0.1999560E-03
       170      4  0.2918573E-05 -0.2065254E-06  0.0000000E+00  0.0000000E+00 -0.1337183E+00  0.4993800E-03

       180      0  0.0000000E+00  0.0000000E+00  0.0000000E+00  0.0000000E+00  0.0000000E+00  0.0000000E+00
       180      1  0.0000000E+00  0.0000000E+00  0.0000000E+00  0.0000000E+00  0.0000000E+00  0.0000000E+00
       180      2  0.5741658E-07  0.9166485E-07  0.0000000E+00  0.0000000E+00 -0.2805482E-01  0.9999262E-04
       180      3  0.5452123E-06 -0.3911576E-06  0.0000000E+00  0.0000000E+00 -0.5617765E-01  0.1999490E-03
       180      4  0.2096881E-07 -0.6753795E-07  0.0000000E+00  0.0000000E+00 -0.1409522E+00  0.4992745E-03

       190      0  0.0000000E+00  0.0000000E+00  0.0000000E+00  0.0000000E+00  0.0000000E+00  0.0000000E+00
       190      1  0.0000000E+00  0.0000000E+00  0.0000000E+00  0.0000000E+00  0.0000000E+00  0.0000000E+00
       190      2  0.5828658E-06 -0.2691590E-06  0.0000000E+00  0.0000000E+00 -0.2948162E-01  0.9999161E-04
       190      3  0.1502621E-05 -0.8385001E-07  0.0000000E+00  0.0000000E+00 -0.5903469E-01  0.1999413E-03
       190      4  0.3111753E-05 -0.6610439E-06  0.0000000E+00  0.0000000E+00 -0.1481198E+00  0.4991578E-03

       200      0  0.0000000E+00  0.0000000E+00  0.0000000E+00  0.0000000E+00  0.0000000E+00  0.0000000E+00
       200      1  0.0000000E+00  0.0000000E+00  0.0000000E+00  0.0000000E+00  0.0000000E+00  0.0000000E+00
       200      2  0.6204194E-06  0.5572511E-07  0.0000000E+00  0.0000000E+00 -0.3089539E-01  0.9999050E-04
       200      3 -0.1401237E-08  0.4051454E-07  0.0000000E+00  0.0000000E+00 -0.6186560E-01  0.1999329E-03
       200      4  0.1891312E-06  0.3176904E-06  0.0000000E+00  0.0000000E+00 -0.1552215E+00  0.4990297E-03

       210      0  0.0000000E+00  0.0000000E+00  0.0000000E+00  0.0000000E+00  0.0000000E+00  0.0000000E+00
       210      1  0.0000000E+00  0.0000000E+00  0.0000000E+00  0.0000000E+00  0.0000000E+00  0.0000000E+00
       210      2  0.3915547E-07 -0.6699955E-07  0.0000000E+00  0.0000000E+00 -0.3229623E-01  0.9998930E-04
       210      3  0.1463990E-05 -0.4671345E-06  0.0000000E+00  0.0000000E+00 -0.6467062E-01  0.1999237E-03
       210      4  0.2600524E-05 -0.9316143E-06  0.0000000E+00  0.0000000E+00 -0.1622580E+00  0.4988896E-03

       220      0  0.0000000E+00  0.0000000E+00  0.0000000E+00  0.0000000E+00  0.0000000E+00  0.0000000E+00
       220      1  0.0000000E+00  0.0000000E+00  0.0000000E+00  0.0000000E+00  0.0000000E+00  0.0000000E+00
       220      2  0.8667920E-06 -0.2092400E-06  0.0000000E+00  0.0000000E+00 -0.3368427E-01  0.9998800E-04
       220      3  0.6075512E-06  0.2262356E-06  0.0000000E+00  0.0000000E+00 -0.6744999E-01  0.1999137E-03
       220      4  0.9826018E-06  0.4419791E-06  0.0000000E+00  0.0000000E+00 -0.1692298E+00  0.4987371E-03

       230      0  0.0000000E+00  0.0000000E+00  0.0000000E+00  0.0000000E+00  0.0000000E+00  0.0000000E+00
       230      1  0.0000000E+00  0.0000000E+00  0.0000000E+00  0.0000000E+00  0.0000000E+00  0.0000000E+00
       230      2  0.2163270E-06  0.1251742E-06  0.0000000E+00  0.0000000E+00 -0.3505962E-01  0.9998659E-04
       230      3  0.5217690E-06 -0.3830239E-06  0.0000000E+00  0.0000000E+00 -0.7020393E-01  0.1999029E-03
       230      4  0.1616194E-05 -0.8946528E-06  0.0000000E+00  0.0000000E+00 -0.1761373E+00  0.4985719E-03

       240      0  0.0000000E+00  0.0000000E+00  0.0000000E+00  0.0000000E+00  0.0000000E+00  0.0000000E+00
       240      1  0.0000000E+00  0.0000000E+00  0.0000000E+00  0.0000000E+00  0.0000000E+00  0.0000000E+00
       240      2  0.3568731E-06 -0.2303181E-06  0.0000000E+00  0.0000000E+00 -0.3642240E-01  0.9998508E-04
       240      3  0.1516415E-05 -0.9498603E-07  0.0000000E+00  0.0000000E+00 -0.7293266E-01  0.1998913E-03
       240      4  0.2040910E-05  0.2481701E-06  0.0000000E+00  0.0000000E+00 -0.1829812E+00  0.4983935E-03

       250      0  0.0000000E+00  0.0000000E+00  0.0000000E+00  0.0000000E+00  0.0000000E+00  0.0000000E+00
       250      1  0.0000000E+00  0.0000000E+00  0.0000000E+00  0.0000000E+00  0.0000000E+00  0.0000000E+00
       250      2  0.7982259E-06 -0.3564989E-07  0.0000000E+00  0.0000000E+00 -0.3777273E-01  0.9998347E-04
       250      3  0.5614637E-11  0.5029776E-07  0.0000000E+00  0.0000000E+00 -0.7563643E-01  0.1998788E-03
       250      4  0.6064669E-06 -0.5662865E-06  0.0000000E+00  0.0000000E+00 -0.1897620E+00  0.4982016E-03

       260      0  0.0000000E+00  0.0000000E+00  0.0000000E+00  0.0000000E+00  0.0000000E+00  0.0000000E+00
       260      1  0.0000000E+00  0.0000000E+00  0.0000000E+00  0.0000000E+00  0.0000000E+00  0.0000000E+00
       260      2  0.8623228E-09  0.3009911E-07  0.0000000E+00  0.0000000E+00 -0.3911070E-01  0.9998174E-04
       260      3  0.1448007E-05 -0.4717670E-06  0.0000000E+00  0.0000000E+00 -0.7831545E-01  0.1998654E-03
       260      4  0.2881348E-05 -0.1760127E-06  0.0000000E+00  0.0000000E+00 -0.1964801E+00  0.4979958E-03

       270      0  0.0000000E+00  0.0000000E+00  0.0000000E+00  0.0000000E+00  0.0000000E+00  0.0000000E+00
       270      1  0.0000000E+00  0.0000000E+00  0.0000000E+00  0.0000000E+00  0.0000000E+00  0.0000000E+00
       270      2  0.7463219E-06 -0.2624361E-06  0.0000000E+00  0.0000000E+00 -0.4043645E-01  0.9997990E-04
       270      3  0.6319630E-06  0.2238967E-06  0.0000000E+00  0.0000000E+00 -0.8096994E-01  0.1998511E-03
       270      4  0.3249512E-07 -0.9575674E-07  0.0000000E+00  0.0000000E+00 -0.2031361E+00  0.4977757E-03

       280      0  0.0000000E+00  0.0000000E+00  0.0000000E+00  0.0000000E+00  0.0000000E+00  0.0000000E+00
       280      1  0.0000000E+00  0.0000000E+00  0.0000000E+00  0.0000000E+00  0.0000000E+00  0.0000000E+00
       280      2  0.4342479E-06  0.1071974E-06  0.0000000E+00  0.0000000E+00 -0.4175007E-01  0.9997794E-04
       280      3  0.4984019E-06 -0.3746025E-06  0.0000000E+00  0.0000000E+00 -0.8360012E-01  0.1998358E-03
       280      4  0.3118546E-05 -0.6371413E-06  0.0000000E+00  0.0000000E+00 -0.2097304E+00  0.4975411E-03

       290      0  0.0000000E+00  0.0000000E+00  0.0000000E+00  0.0000000E+00  0.0000000E+00  0.0000000E+00
       290      1  0.0000000E+00  0.0000000E+00  0.0000000E+00  0.0000000E+00  0.0000000E+00  0.0000000E+00
       290      2  0.1533198E-06 -0.1504180E-06  0.0000000E+00  0.0000000E+00 -0.4305168E-01  0.9997586E-04
       290      3  0.1529552E-05 -0.1062106E-06  0.0000000E+00  0.0000000E+00 -0.8620621E-01  0.1998196E-03
       290      4  0.1582694E-06  0.3019137E-06  0.0000000E+00  0.0000000E+00 -0.2162635E+00  0.4972916E-03

       300      0  0.0000000E+00  0.0000000E+00  0.0000000E+00  0.0000000E+00  0.0000000E+00  0.0000000E+00
       300      1  0.0000000E+00  0.0000000E+00  0.0000000E+00  0.0000000E+00  0.0000000E+00  0.0000000E+00
       300      2  0.8835669E-06 -0.1366402E-06  0.0000000E+00  0.0000000E+00 -0.4434139E-01  0.9997366E-04
       300      3  0.2107350E-08  0.5998542E-07  0.0000000E+00  0.0000000E+00 -0.8878842E-01  0.1998024E-03
       300      4  0.2641423E-05 -0.9238281E-06  0.0000000E+00  0.0000000E+00 -0.2227359E+00  0.4970269E-03

       310      0  0.0000000E+00  0.0000000E+00  0.0000000E+00  0.0000000E+00  0.0000000E+00  0.0000000E+00
       310      1  0.0000000E+00  0.0000000E+00  0.0000000E+00  0.0000000E+00  0.0000000E+00  0.0000000E+00
       310      2  0.7769000E-07  0.1004603E-06  0.0000000E+00  0.0000000E+00 -0.4561930E-01  0.9997134E-04
       310      3  0.1431226E-05 -0.4761007E-06  0.0000000E+00  0.0000000E+00 -0.9134696E-01  0.1997843E-03
       310      4  0.9282329E-06  0.4439111E-06  0.0000000E+00  0.0000000E+00 -0.2291480E+00  0.4967467E-03

       320      0  0.0000000E+00  0.0000000E+00  0.0000000E+00  0.0000000E+00  0.0000000E+00  0.0000000E+00
       320      1  0.0000000E+00  0.0000000E+00  0.0000000E+00  0.0000000E+00  0.0000000E+00  0.0000000E+00
       320      2  0.5469150E-06 -0.2662127E-06  0.0000000E+00  0.0000000E+00 -0.4688553E-01  0.9996889E-04
       320      3  0.6566604E-06  0.2212140E-06  0.0000000E+00  0.0000000E+00 -0.9388205E-01  0.1997651E-03
       320      4  0.1666320E-05 -0.9035296E-06  0.0000000E+00  0.0000000E+00 -0.2355004E+00  0.4964508E-03

       330      0  0.0000000E+00  0.0000000E+00  0.0000000E+00  0.0000000E+00  0.0000000E+00  0.0000000E+00
       330      1  0.0000000E+00  0.0000000E+00  0.0000000E+00  0.0000000E+00  0.0000000E+00  0.0000000E+00
       330      2  0.6544729E-06  0.4241417E-07  0.0000000E+00  0.0000000E+00 -0.4814018E-01  0.9996630E-04
       330      3  0.4750424E-06 -0.3658635E-06  0.0000000E+00  0.0000000E+00 -0.9639389E-01  0.1997449E-03
       330      4  0.1990063E-05  0.2638678E-06  0.0000000E+00  0.0000000E+00 -0.2417934E+00  0.4961389E-03

       340      0  0.0000000E+00  0.0000000E+00  0.0000000E+00  0.0000000E+00  0.0000000E+00  0.0000000E+00
       340      1  0.0000000E+00  0.0000000E+00  0.0000000E+00  0.0000000E+00  0.0000000E+00  0.0000000E+00
       340      2  0.2521010E-07 -0.5026260E-07  0.0000000E+00  0.0000000E+00 -0.4938335E-01  0.9996359E-04
       340      3  0.1542045E-05 -0.1175552E-06  0.0000000E+00  0.0000000E+00 -0.9888268E-01  0.1997236E-03
       340      4  0.6404763E-06 -0.5842335E-06  0.0000000E+00  0.0000000E+00 -0.2480275E+00  0.4958107E-03

       350      0  0.0000000E+00  0.0000000E+00  0.0000000E+00  0.0000000E+00  0.0000000E+00  0.0000000E+00
       350      1  0.0000000E+00  0.0000000E+00  0.0000000E+00  0.0000000E+00  0.0000000E+00  0.0000000E+00
       350      2  0.8542533E-06 -0.2209616E-06  0.0000000E+00  0.0000000E+00 -0.5061515E-01  0.9996075E-04
       350      3  0.4921241E-08  0.6960292E-07  0.0000000E+00  0.0000000E+00 -0.1013486E+00  0.1997012E-03
       350      4  0.2854123E-05 -0.1564322E-06  0.0000000E+00  0.0000000E+00 -0.2542031E+00  0.4954660E-03

       360      0  0.0000000E+00  0.0000000E+00  0.0000000E+00  0.0000000E+00  0.0000000E+00  0.0000000E+00
       360      1  0.0000000E+00  0.0000000E+00  0.0000000E+00  0.0000000E+00  0.0000000E+00  0.0000000E+00
       360      2  0.2496575E-06  0.1257669E-06  0.0000000E+00  0.0000000E+00 -0.5183567E-01  0.9995776E-04
       360      3  0.1413572E-05 -0.4801385E-06  0.0000000E+00  0.0000000E+00 -0.1037920E+00  0.1996778E-03
       360      4  0.3798709E-07 -0.1122141E-06  0.0000000E+00  0.0000000E+00 -0.2603206E+00  0.4951046E-03

       370      0  0.0000000E+00  0.0000000E+00  0.0000000E+00  0.0000000E+00  0.0000000E+00  0.0000000E+00
       370      1  0.0000000E+00  0.0000000E+00  0.0000000E+00  0.0000000E+00  0.0000000E+00  0.0000000E+00
       370      2  0.3204958E-06 -0.2195902E-06  0.0000000E+00  0.0000000E+00 -0.5304503E-01  0.9995464E-04
       370      3  0.6817169E-06  0.2181703E-06  0.0000000E+00  0.0000000E+00 -0.1062128E+00  0.1996533E-03
       370      4  0.3118356E-05 -0.6232558E-06  0.0000000E+00  0.0000000E+00 -0.2663805E+00  0.4947263E-03

       380      0  0.0000000E+00  0.0000000E+00  0.0000000E+00  0.0000000E+00  0.0000000E+00  0.0000000E+00
       380      1  0.0000000E+00  0.0000000E+00  0.0000000E+00  0.0000000E+00  0.0000000E+00  0.0000000E+00
       380      2  0.8196956E-06 -0.5231581E-07  0.0000000E+00  0.0000000E+00 -0.5424333E-01  0.9995138E-04
       380      3  0.4516198E-06 -0.3567708E-06  0.0000000E+00  0.0000000E+00 -0.1086115E+00  0.1996276E-03
       380      4  0.1404919E-06  0.2941428E-06  0.0000000E+00  0.0000000E+00 -0.2723832E+00  0.4943309E-03

       390      0  0.0000000E+00  0.0000000E+00  0.0000000E+00  0.0000000E+00  0.0000000E+00  0.0000000E+00
       390      1  0.0000000E+00  0.0000000E+00  0.0000000E+00  0.0000000E+00  0.0000000E+00  0.0000000E+00
       390      2  0.5911011E-08  0.4407556E-07  0.0000000E+00  0.0000000E+00 -0.5543065E-01  0.9994798E-04
       390      3  0.1553902E-05 -0.1290559E-06  0.0000000E+00  0.0000000E+00 -0.1109881E+00  0.1996008E-03
       390      4  0.2655952E-05 -0.9194906E-06  0.0000000E+00  0.0000000E+00 -0.2783289E+00  0.4939182E-03

       400      0  0.0000000E+00  0.0000000E+00  0.0000000E+00  0.0000000E+00  0.0000000E+00  0.0000000E+00
       400      1  0.0000000E+00  0.0000000E+00  0.0000000E+00  0.0000000E+00  0.0000000E+00  0.0000000E+00
       400      2  0.7179254E-06 -0.2666665E-06  0.0000000E+00  0.0000000E+00 -0.5660712E-01  0.9994444E-04
       400      3  0.8479160E-08  0.7917557E-07  0.0000000E+00  0.0000000E+00 -0.1133428E+00  0.1995729E-03
       400      4  0.9037337E-06  0.4450017E-06  0.0000000E+00  0.0000000E+00 -0.2842183E+00  0.4934880E-03

       410      0  0.0000000E+00  0.0000000E+00  0.0000000E+00  0.0000000E+00  0.0000000E+00  0.0000000E+00
       410      1  0.0000000E+00  0.0000000E+00  0.0000000E+00  0.0000000E+00  0.0000000E+00  0.0000000E+00
       410      2  0.4720219E-06  0.9942588E-07  0.0000000E+00  0.0000000E+00 -0.5777280E-01  0.9994075E-04
       410      3  0.1394956E-05 -0.4838794E-06  0.0000000E+00  0.0000000E+00 -0.1156759E+00  0.1995438E-03
       410      4  0.1678119E-05 -0.9055382E-06  0.0000000E+00  0.0000000E+00 -0.2900515E+00  0.4930402E-03

       420      0  0.0000000E+00  0.0000000E+00  0.0000000E+00  0.0000000E+00  0.0000000E+00  0.0000000E+00
       420      1  0.0000000E+00  0.0000000E+00  0.0000000E+00  0.0000000E+00  0.0000000E+00  0.0000000E+00
       420      2  0.1260166E-06 -0.1347028E-06  0.0000000E+00  0.0000000E+00 -0.5892783E-01  0.9993691E-04
       420      3  0.7072168E-06  0.2147417E-06  0.0000000E+00  0.0000000E+00 -0.1179875E+00  0.1995136E-03
       420      4  0.1973698E-05  0.2681625E-06  0.0000000E+00  0.0000000E+00 -0.2958290E+00  0.4925746E-03

       430      0  0.0000000E+00  0.0000000E+00  0.0000000E+00  0.0000000E+00  0.0000000E+00  0.0000000E+00
       430      1  0.0000000E+00  0.0000000E+00  0.0000000E+00  0.0000000E+00  0.0000000E+00  0.0000000E+00
       430      2  0.8869116E-06 -0.1523379E-06  0.0000000E+00  0.0000000E+00 -0.6007227E-01  0.9993292E-04
       430      3  0.4280646E-06 -0.3472826E-06  0.0000000E+00  0.0000000E+00 -0.1202778E+00  0.1994821E-03
       430      4  0.6400915E-06 -0.5858163E-06  0.0000000E+00  0.0000000E+00 -0.3015512E+00  0.4920912E-03

       440      0  0.0000000E+00  0.0000000E+00  0.0000000E+00  0.0000000E+00  0.0000000E+00  0.0000000E+00
       440      1  0.0000000E+00  0.0000000E+00  0.0000000E+00  0.0000000E+00  0.0000000E+00  0.0000000E+00
       440      2  0.1004739E-06  0.1080349E-06  0.0000000E+00  0.0000000E+00 -0.6120623E-01  0.9992879E-04
       440      3  0.1565127E-05 -0.1407517E-06  0.0000000E+00  0.0000000E+00 -0.1225470E+00  0.1994495E-03
       440      4  0.2848104E-05 -0.1552577E-06  0.0000000E+00  0.0000000E+00 -0.3072184E+00  0.4915896E-03

       450      0  0.0000000E+00  0.0000000E+00  0.0000000E+00  0.0000000E+00  0.0000000E+00  0.0000000E+00
       450      1  0.0000000E+00  0.0000000E+00  0.0000000E+00  0.0000000E+00  0.0000000E+00  0.0000000E+00
       450      2  0.5100686E-06 -0.2618520E-06  0.0000000E+00  0.0000000E+00 -0.6232981E-01  0.9992450E-04
       450      3  0.1282875E-07  0.8872711E-07  0.0000000E+00  0.0000000E+00 -0.1247953E+00  0.1994157E-03
       450      4  0.3073143E-07 -0.1089578E-06  0.0000000E+00  0.0000000E+00 -0.3128309E+00  0.4910700E-03

       460      0  0.0000000E+00  0.0000000E+00  0.0000000E+00  0.0000000E+00  0.0000000E+00  0.0000000E+00
       460      1  0.0000000E+00  0.0000000E+00  0.0000000E+00  0.0000000E+00  0.0000000E+00  0.0000000E+00
       460      2  0.6869112E-06  0.2828400E-07  0.0000000E+00  0.0000000E+00 -0.6344310E-01  0.9992006E-04
       460      3  0.1375278E-05 -0.4873176E-06  0.0000000E+00  0.0000000E+00 -0.1270228E+00  0.1993806E-03
       460      4  0.3110999E-05 -0.6265791E-06  0.0000000E+00  0.0000000E+00 -0.3183892E+00  0.4905321E-03

       470      0  0.0000000E+00  0.0000000E+00  0.0000000E+00  0.0000000E+00  0.0000000E+00  0.0000000E+00
       470      1  0.0000000E+00  0.0000000E+00  0.0000000E+00  0.0000000E+00  0.0000000E+00  0.0000000E+00
       470      2  0.1412672E-07 -0.3364519E-07  0.0000000E+00  0.0000000E+00 -0.6454618E-01  0.9991547E-04
       470      3  0.7332528E-06  0.2108975E-06  0.0000000E+00  0.0000000E+00 -0.1292298E+00  0.1993443E-03
       470      4  0.1417602E-06  0.3000587E-06  0.0000000E+00  0.0000000E+00 -0.3238935E+00  0.4899759E-03

       480      0  0.0000000E+00  0.0000000E+00  0.0000000E+00  0.0000000E+00  0.0000000E+00  0.0000000E+00
       480      1  0.0000000E+00  0.0000000E+00  0.0000000E+00  0.0000000E+00  0.0000000E+00  0.0000000E+00
       480      2  0.8386067E-06 -0.2316124E-06  0.0000000E+00  0.0000000E+00 -0.6563916E-01  0.9991073E-04
       480      3  0.4043112E-06 -0.3373518E-06  0.0000000E+00  0.0000000E+00 -0.1314164E+00  0.1993068E-03
       480      4  0.2631685E-05 -0.9217570E-06  0.0000000E+00  0.0000000E+00 -0.3293442E+00  0.4894013E-03

       490      0  0.0000000E+00  0.0000000E+00  0.0000000E+00  0.0000000E+00  0.0000000E+00  0.0000000E+00
       490      1  0.0000000E+00  0.0000000E+00  0.0000000E+00  0.0000000E+00  0.0000000E+00  0.0000000E+00
       490      2  0.2843121E-06  0.1249534E-06  0.0000000E+00  0.0000000E+00 -0.6672212E-01  0.9990582E-04
       490      3  0.1575709E-05 -0.1526839E-06  0.0000000E+00  0.0000000E+00 -0.1335828E+00  0.1992681E-03
       490      4  0.9252757E-06  0.4455850E-06  0.0000000E+00  0.0000000E+00 -0.3347416E+00  0.4888082E-03

       500      0  0.0000000E+00  0.0000000E+00  0.0000000E+00  0.0000000E+00  0.0000000E+00  0.0000000E+00
       500      1  0.0000000E+00  0.0000000E+00  0.0000000E+00  0.0000000E+00  0.0000000E+00  0.0000000E+00
       500      2  0.2847933E-06 -0.2077594E-06  0.0000000E+00  0.0000000E+00 -0.6779516E-01  0.9990076E-04
       500      3  0.1803444E-07  0.9827836E-07  0.0000000E+00  0.0000000E+00 -0.1357292E+00  0.1992281E-03
       500      4  0.1632549E-05 -0.8978623E-06  0.0000000E+00  0.0000000E+00 -0.3400860E+00  0.4881966E-03

       510      0  0.0000000E+00  0.0000000E+00  0.0000000E+00  0.0000000E+00  0.0000000E+00  0.0000000E+00
       510      1  0.0000000E+00  0.0000000E+00  0.0000000E+00  0.0000000E+00  0.0000000E+00  0.0000000E+00
       510      2  0.8383711E-06 -0.6914720E-07  0.0000000E+00  0.0000000E+00 -0.6885836E-01  0.9989554E-04
       510      3  0.1354426E-05 -0.4904412E-06  0.0000000E+00  0.0000000E+00 -0.1378557E+00  0.1991868E-03
       510      4  0.2010001E-05  0.2555805E-06  0.0000000E+00  0.0000000E+00 -0.3453778E+00  0.4875665E-03

       520      0  0.0000000E+00  0.0000000E+00  0.0000000E+00  0.0000000E+00  0.0000000E+00  0.0000000E+00
       520      1  0.0000000E+00  0.0000000E+00  0.0000000E+00  0.0000000E+00  0.0000000E+00  0.0000000E+00
       520      2  0.1399405E-07  0.5727042E-07  0.0000000E+00  0.0000000E+00 -0.6991181E-01  0.9989016E-04
       520      3  0.7599234E-06  0.2065997E-06  0.0000000E+00  0.0000000E+00 -0.1399625E+00  0.1991443E-03
       520      4  0.5894066E-06 -0.5634062E-06  0.0000000E+00  0.0000000E+00 -0.3506172E+00  0.4869177E-03

       530      0  0.0000000E+00  0.0000000E+00  0.0000000E+00  0.0000000E+00  0.0000000E+00  0.0000000E+00
       530      1  0.0000000E+00  0.0000000E+00  0.0000000E+00  0.0000000E+00  0.0000000E+00  0.0000000E+00
       530      2  0.6873249E-06 -0.2694878E-06  0.0000000E+00  0.0000000E+00 -0.7095560E-01  0.9988463E-04
       530      3  0.3803014E-06 -0.3269268E-06  0.0000000E+00  0.0000000E+00 -0.1420497E+00  0.1991005E-03
       530      4  0.2873476E-05 -0.1810633E-06  0.0000000E+00  0.0000000E+00 -0.3558046E+00  0.4862503E-03

       540      0  0.0000000E+00  0.0000000E+00  0.0000000E+00  0.0000000E+00  0.0000000E+00  0.0000000E+00
       540      1  0.0000000E+00  0.0000000E+00  0.0000000E+00  0.0000000E+00  0.0000000E+00  0.0000000E+00
       540      2  0.5095805E-06  0.9040776E-07  0.0000000E+00  0.0000000E+00 -0.7198981E-01  0.9987893E-04
       540      3  0.1585626E-05 -0.1648944E-06  0.0000000E+00  0.0000000E+00 -0.1441176E+00  0.1990554E-03
       540      4  0.6817540E-08 -0.7750243E-07  0.0000000E+00  0.0000000E+00 -0.3609402E+00  0.4855643E-03

       550      0  0.0000000E+00  0.0000000E+00  0.0000000E+00  0.0000000E+00  0.0000000E+00  0.0000000E+00
       550      1  0.0000000E+00  0.0000000E+00  0.0000000E+00  0.0000000E+00  0.0000000E+00  0.0000000E+00
       550      2  0.1007688E-06 -0.1184589E-06  0.0000000E+00  0.0000000E+00 -0.7301454E-01  0.9987306E-04
       550      3  0.2417829E-07  0.1078458E-06  0.0000000E+00  0.0000000E+00 -0.1461663E+00  0.1990090E-03
       550      4  0.3092305E-05 -0.6540820E-06  0.0000000E+00  0.0000000E+00 -0.3660243E+00  0.4848597E-03

       560      0  0.0000000E+00  0.0000000E+00  0.0000000E+00  0.0000000E+00  0.0000000E+00  0.0000000E+00
       560      1  0.0000000E+00  0.0000000E+00  0.0000000E+00  0.0000000E+00  0.0000000E+00  0.0000000E+00
       560      2  0.8869242E-06 -0.1675000E-06  0.0000000E+00  0.0000000E+00 -0.7402986E-01  0.9986704E-04
       560      3  0.1332278E-05 -0.4932315E-06  0.0000000E+00  0.0000000E+00 -0.1481960E+00  0.1989614E-03
       560      4  0.1729298E-06  0.3241970E-06  0.0000000E+00  0.0000000E+00 -0.3710572E+00  0.4841364E-03

       570      0  0.0000000E+00  0.0000000E+00  0.0000000E+00  0.0000000E+00  0.0000000E+00  0.0000000E+00
       570      1  0.0000000E+00  0.0000000E+00  0.0000000E+00  0.0000000E+00  0.0000000E+00  0.0000000E+00
       570      2  0.1257002E-06  0.1143571E-06  0.0000000E+00  0.0000000E+00 -0.7503587E-01  0.9986085E-04
       570      3  0.7873300E-06  0.2018029E-06  0.0000000E+00  0.0000000E+00 -0.1502068E+00  0.1989125E-03
       570      4  0.2551531E-05 -0.9317927E-06  0.0000000E+00  0.0000000E+00 -0.3760393E+00  0.4833945E-03

       580      0  0.0000000E+00  0.0000000E+00  0.0000000E+00  0.0000000E+00  0.0000000E+00  0.0000000E+00
       580      1  0.0000000E+00  0.0000000E+00  0.0000000E+00  0.0000000E+00  0.0000000E+00  0.0000000E+00
       580      2  0.4724280E-06 -0.2560780E-06  0.0000000E+00  0.0000000E+00 -0.7603263E-01  0.9985450E-04
       580      3  0.3559870E-06 -0.3159518E-06  0.0000000E+00  0.0000000E+00 -0.1521989E+00  0.1988622E-03
       580      4  0.1012790E-05  0.4433178E-06  0.0000000E+00  0.0000000E+00 -0.3809707E+00  0.4826340E-03

       590      0  0.0000000E+00  0.0000000E+00  0.0000000E+00  0.0000000E+00  0.0000000E+00  0.0000000E+00
       590      1  0.0000000E+00  0.0000000E+00  0.0000000E+00  0.0000000E+00  0.0000000E+00  0.0000000E+00
       590      2  0.7176060E-06  0.1337420E-07  0.0000000E+00  0.0000000E+00 -0.7702025E-01  0.9984798E-04
       590      3  0.1594843E-05 -0.1774244E-06  0.0000000E+00  0.0000000E+00 -0.1541725E+00  0.1988107E-03
       590      4  0.1508950E-05 -0.8747287E-06  0.0000000E+00  0.0000000E+00 -0.3858517E+00  0.4818550E-03

       600      0  0.0000000E+00  0.0000000E+00  0.0000000E+00  0.0000000E+00  0.0000000E+00  0.0000000E+00
       600      1  0.0000000E+00  0.0000000E+00  0.0000000E+00  0.0000000E+00  0.0000000E+00  0.0000000E+00
       600      2  0.5959571E-08 -0.1719971E-07  0.0000000E+00  0.0000000E+00 -0.7799879E-01  0.9984130E-04
       600      3  0.3136071E-07  0.1174400E-06  0.0000000E+00  0.0000000E+00 -0.1561276E+00  0.1987578E-03
       600      4  0.2116168E-05  0.2178548E-06  0.0000000E+00  0.0000000E+00 -0.3906826E+00  0.4810574E-03

       610      0  0.0000000E+00  0.0000000E+00  0.0000000E+00  0.0000000E+00  0.0000000E+00  0.0000000E+00
       610      1  0.0000000E+00  0.0000000E+00  0.0000000E+00  0.0000000E+00  0.0000000E+00  0.0000000E+00
       610      2  0.8198595E-06 -0.2411459E-06  0.0000000E+00  0.0000000E+00 -0.7896834E-01  0.9983445E-04
       610      3  0.1308701E-05 -0.4956617E-06  0.0000000E+00  0.0000000E+00 -0.1580645E+00  0.1987037E-03
       610      4  0.4767927E-06 -0.5073292E-06  0.0000000E+00  0.0000000E+00 -0.3954637E+00  0.4802415E-03

       620      0  0.0000000E+00  0.0000000E+00  0.0000000E+00  0.0000000E+00  0.0000000E+00  0.0000000E+00
       620      1  0.0000000E+00  0.0000000E+00  0.0000000E+00  0.0000000E+00  0.0000000E+00  0.0000000E+00
       620      2  0.3201900E-06  0.1227209E-06  0.0000000E+00  0.0000000E+00 -0.7992899E-01  0.9982744E-04
       620      3  0.8155739E-06  0.1964542E-06  0.0000000E+00  0.0000000E+00 -0.1599833E+00  0.1986482E-03
       620      4  0.2933225E-05 -0.2432506E-06  0.0000000E+00  0.0000000E+00 -0.4001952E+00  0.4794071E-03

       630      0  0.0000000E+00  0.0000000E+00  0.0000000E+00  0.0000000E+00  0.0000000E+00  0.0000000E+00
       630      1  0.0000000E+00  0.0000000E+00  0.0000000E+00  0.0000000E+00  0.0000000E+00  0.0000000E+00
       630      2  0.2498781E-06 -0.1948473E-06  0.0000000E+00  0.0000000E+00 -0.8088080E-01  0.9982026E-04
       630      3  0.3313334E-06 -0.3043680E-06  0.0000000E+00  0.0000000E+00 -0.1618841E+00  0.1985914E-03
       630      4 -0.2791490E-07 -0.1018131E-07  0.0000000E+00  0.0000000E+00 -0.4048774E+00  0.4785544E-03

       640      0  0.0000000E+00  0.0000000E+00  0.0000000E+00  0.0000000E+00  0.0000000E+00  0.0000000E+00
       640      1  0.0000000E+00  0.0000000E+00  0.0000000E+00  0.0000000E+00  0.0000000E+00  0.0000000E+00
       640      2  0.8541498E-06 -0.8609307E-07  0.0000000E+00  0.0000000E+00 -0.8182386E-01  0.9981291E-04
       640      3  0.1603302E-05 -0.1903132E-06  0.0000000E+00  0.0000000E+00 -0.1637672E+00  0.1985333E-03
       640      4  0.3047237E-05 -0.7101359E-06  0.0000000E+00  0.0000000E+00 -0.4095104E+00  0.4776835E-03

       650      0  0.0000000E+00  0.0000000E+00  0.0000000E+00  0.0000000E+00  0.0000000E+00  0.0000000E+00
       650      1  0.0000000E+00  0.0000000E+00  0.0000000E+00  0.0000000E+00  0.0000000E+00  0.0000000E+00
       650      2  0.2512522E-07  0.6963249E-07  0.0000000E+00  0.0000000E+00 -0.8275825E-01  0.9980539E-04
       650      3  0.3970109E-07  0.1270646E-06  0.0000000E+00  0.0000000E+00 -0.1656326E+00  0.1984739E-03
       650      4  0.2555113E-06  0.3667752E-06  0.0000000E+00  0.0000000E+00 -0.4140947E+00  0.4767944E-03

       660      0  0.0000000E+00  0.0000000E+00  0.0000000E+00  0.0000000E+00  0.0000000E+00  0.0000000E+00
       660      1  0.0000000E+00  0.0000000E+00  0.0000000E+00  0.0000000E+00  0.0000000E+00  0.0000000E+00
       660      2  0.6545747E-06 -0.2708684E-06  0.0000000E+00  0.0000000E+00 -0.8368404E-01  0.9979771E-04
       660      3  0.1283555E-05 -0.4976958E-06  0.0000000E+00  0.0000000E+00 -0.1674805E+00  0.1984131E-03
       660      4  0.2390012E-05 -0.9451696E-06  0.0000000E+00  0.0000000E+00 -0.4186303E+00  0.4758873E-03

       670      0  0.0000000E+00  0.0000000E+00  0.0000000E+00  0.0000000E+00  0.0000000E+00  0.0000000E+00
       670      1  0.0000000E+00  0.0000000E+00  0.0000000E+00  0.0000000E+00  0.0000000E+00  0.0000000E+00
       670      2  0.5467999E-06  0.8015069E-07  0.0000000E+00  0.0000000E+00 -0.8460131E-01  0.9978986E-04
       670      3  0.8447534E-06  0.1904931E-06  0.0000000E+00  0.0000000E+00 -0.1693110E+00  0.1983511E-03
       670      4  0.1190841E-05  0.4296384E-06  0.0000000E+00  0.0000000E+00 -0.4231175E+00  0.4749622E-03

       680      0  0.0000000E+00  0.0000000E+00  0.0000000E+00  0.0000000E+00  0.0000000E+00  0.0000000E+00
       680      1  0.0000000E+00  0.0000000E+00  0.0000000E+00  0.0000000E+00  0.0000000E+00  0.0000000E+00
       680      2  0.7768608E-07 -0.1017262E-06  0.0000000E+00  0.0000000E+00 -0.8551015E-01  0.9978184E-04
       680      3  0.3063229E-06 -0.2921140E-06  0.0000000E+00  0.0000000E+00 -0.1711244E+00  0.1982877E-03
       680      4  0.1287408E-05 -0.8244621E-06  0.0000000E+00  0.0000000E+00 -0.4275565E+00  0.4740194E-03

       690      0  0.0000000E+00  0.0000000E+00  0.0000000E+00  0.0000000E+00  0.0000000E+00  0.0000000E+00
       690      1  0.0000000E+00  0.0000000E+00  0.0000000E+00  0.0000000E+00  0.0000000E+00  0.0000000E+00
       690      2  0.8835390E-06 -0.1820694E-06  0.0000000E+00  0.0000000E+00 -0.8641061E-01  0.9977365E-04
       690      3  0.1610927E-05 -0.2035964E-06  0.0000000E+00  0.0000000E+00 -0.1729206E+00  0.1982230E-03
       690      4  0.2302783E-05  0.1420895E-06  0.0000000E+00  0.0000000E+00 -0.4319477E+00  0.4730588E-03

       700      0  0.0000000E+00  0.0000000E+00  0.0000000E+00  0.0000000E+00  0.0000000E+00  0.0000000E+00
       700      1  0.0000000E+00  0.0000000E+00  0.0000000E+00  0.0000000E+00  0.0000000E+00  0.0000000E+00
       700      2  0.1533369E-06  0.1193834E-06  0.0000000E+00  0.0000000E+00 -0.8730277E-01  0.9976529E-04
       700      3  0.4933814E-07  0.1367144E-06  0.0000000E+00  0.0000000E+00 -0.1747000E+00  0.1981569E-03
       700      4  0.3031961E-06 -0.4055319E-06  0.0000000E+00  0.0000000E+00 -0.4362911E+00  0.4720806E-03

       710      0  0.0000000E+00  0.0000000E+00  0.0000000E+00  0.0000000E+00  0.0000000E+00  0.0000000E+00
       710      1  0.0000000E+00  0.0000000E+00  0.0000000E+00  0.0000000E+00  0.0000000E+00  0.0000000E+00
       710      2  0.4340900E-06 -0.2488786E-06  0.0000000E+00  0.0000000E+00 -0.8818672E-01  0.9975677E-04
       710      3  0.1256692E-05 -0.4992881E-06  0.0000000E+00  0.0000000E+00 -0.1764625E+00  0.1980896E-03
       710      4  0.3013166E-05 -0.3506749E-06  0.0000000E+00  0.0000000E+00 -0.4405871E+00  0.4710850E-03

       720      0  0.0000000E+00  0.0000000E+00  0.0000000E+00  0.0000000E+00  0.0000000E+00  0.0000000E+00
       720      1  0.0000000E+00  0.0000000E+00  0.0000000E+00  0.0000000E+00  0.0000000E+00  0.0000000E+00
       720      2  0.7464236E-06 -0.2286018E-08  0.0000000E+00  0.0000000E+00 -0.8906252E-01  0.9974807E-04
       720      3  0.8749607E-06  0.1838515E-06  0.0000000E+00  0.0000000E+00 -0.1782084E+00  0.1980209E-03
       720      4 -0.4768234E-07  0.9682521E-07  0.0000000E+00  0.0000000E+00 -0.4448357E+00  0.4700721E-03

       730      0  0.0000000E+00  0.0000000E+00  0.0000000E+00  0.0000000E+00  0.0000000E+00  0.0000000E+00
       730      1  0.0000000E+00  0.0000000E+00  0.0000000E+00  0.0000000E+00  0.0000000E+00  0.0000000E+00
       730      2  0.7991899E-09 -0.9805827E-09  0.0000000E+00  0.0000000E+00 -0.8993025E-01  0.9973921E-04
       730      3  0.2809576E-06 -0.2791269E-06  0.0000000E+00  0.0000000E+00 -0.1799378E+00  0.1979509E-03
       730      4  0.2941081E-05 -0.7921533E-06  0.0000000E+00  0.0000000E+00 -0.4490374E+00  0.4690420E-03

       740      0  0.0000000E+00  0.0000000E+00  0.0000000E+00  0.0000000E+00  0.0000000E+00  0.0000000E+00
       740      1  0.0000000E+00  0.0000000E+00  0.0000000E+00  0.0000000E+00  0.0000000E+00  0.0000000E+00
       740      2  0.7979956E-06 -0.2495057E-06  0.0000000E+00  0.0000000E+00 -0.9078997E-01  0.9973017E-04
       740      3  0.1617619E-05 -0.2173047E-06  0.0000000E+00  0.0000000E+00 -0.1816508E+00  0.1978796E-03
       740      4  0.4274882E-06  0.4185884E-06  0.0000000E+00  0.0000000E+00 -0.4531921E+00  0.4679949E-03

       750      0  0.0000000E+00  0.0000000E+00  0.0000000E+00  0.0000000E+00  0.0000000E+00  0.0000000E+00
       750      1  0.0000000E+00  0.0000000E+00  0.0000000E+00  0.0000000E+00  0.0000000E+00  0.0000000E+00
       750      2  0.3572100E-06  0.1190412E-06  0.0000000E+00  0.0000000E+00 -0.9164176E-01  0.9972097E-04
       750      3  0.6043017E-07  0.1463741E-06  0.0000000E+00  0.0000000E+00 -0.1833475E+00  0.1978070E-03
       750      4  0.2111686E-05 -0.9467942E-06  0.0000000E+00  0.0000000E+00 -0.4573003E+00  0.4669310E-03

       760      0  0.0000000E+00  0.0000000E+00  0.0000000E+00  0.0000000E+00  0.0000000E+00  0.0000000E+00
       760      1  0.0000000E+00  0.0000000E+00  0.0000000E+00  0.0000000E+00  0.0000000E+00  0.0000000E+00
       760      2  0.2158804E-06 -0.1808664E-06  0.0000000E+00  0.0000000E+00 -0.9248569E-01  0.9971160E-04
       760      3  0.1227961E-05 -0.5003822E-06  0.0000000E+00  0.0000000E+00 -0.1850281E+00  0.1977330E-03
       760      4  0.1485240E-05  0.3855925E-06  0.0000000E+00  0.0000000E+00 -0.4613619E+00  0.4658504E-03

       770      0  0.0000000E+00  0.0000000E+00  0.0000000E+00  0.0000000E+00  0.0000000E+00  0.0000000E+00
       770      1  0.0000000E+00  0.0000000E+00  0.0000000E+00  0.0000000E+00  0.0000000E+00  0.0000000E+00
       770      2  0.8669052E-06 -0.1031033E-06  0.0000000E+00  0.0000000E+00 -0.9332183E-01  0.9970206E-04
       770      3  0.9062776E-06  0.1764541E-06  0.0000000E+00  0.0000000E+00 -0.1866928E+00  0.1976578E-03
       770      4  0.9570264E-06 -0.7270166E-06  0.0000000E+00  0.0000000E+00 -0.4653774E+00  0.4647534E-03

       780      0  0.0000000E+00  0.0000000E+00  0.0000000E+00  0.0000000E+00  0.0000000E+00  0.0000000E+00
       780      1  0.0000000E+00  0.0000000E+00  0.0000000E+00  0.0000000E+00  0.0000000E+00  0.0000000E+00
       780      2  0.3935601E-07  0.8109916E-07  0.0000000E+00  0.0000000E+00 -0.9415025E-01  0.9969235E-04
       780      3  0.2552636E-06 -0.2653437E-06  0.0000000E+00  0.0000000E+00 -0.1883415E+00  0.1975812E-03
       780      4  0.2561571E-05  0.1061261E-07  0.0000000E+00  0.0000000E+00 -0.4693468E+00  0.4636400E-03

       790      0  0.0000000E+00  0.0000000E+00  0.0000000E+00  0.0000000E+00  0.0000000E+00  0.0000000E+00
       790      1  0.0000000E+00  0.0000000E+00  0.0000000E+00  0.0000000E+00  0.0000000E+00  0.0000000E+00
       790      2  0.6197195E-06 -0.2707625E-06  0.0000000E+00  0.0000000E+00 -0.9497101E-01  0.9968247E-04
       790      3  0.1623251E-05 -0.2314622E-06  0.0000000E+00  0.0000000E+00 -0.1899746E+00  0.1975033E-03
       790      4  0.9662127E-07 -0.2460342E-06  0.0000000E+00  0.0000000E+00 -0.4732704E+00  0.4625105E-03

       800      0  0.0000000E+00  0.0000000E+00  0.0000000E+00  0.0000000E+00  0.0000000E+00  0.0000000E+00
       800      1  0.0000000E+00  0.0000000E+00  0.0000000E+00  0.0000000E+00  0.0000000E+00  0.0000000E+00
       800      2  0.5835530E-06  0.6865010E-07  0.0000000E+00  0.0000000E+00 -0.9578418E-01  0.9967242E-04
       800      3  0.7315495E-07  0.1560167E-06  0.0000000E+00  0.0000000E+00 -0.1915920E+00  0.1974241E-03
       800      4  0.3067546E-05 -0.5067370E-06  0.0000000E+00  0.0000000E+00 -0.4771483E+00  0.4613651E-03

       810      0  0.0000000E+00  0.0000000E+00  0.0000000E+00  0.0000000E+00  0.0000000E+00  0.0000000E+00
       810      1  0.0000000E+00  0.0000000E+00  0.0000000E+00  0.0000000E+00  0.0000000E+00  0.0000000E+00
       810      2  0.5691384E-07 -0.8454417E-07  0.0000000E+00  0.0000000E+00 -0.9658984E-01  0.9966221E-04
       810      3  0.1197206E-05 -0.5009098E-06  0.0000000E+00  0.0000000E+00 -0.1931940E+00  0.1973437E-03
       810      4  0.4927640E-08  0.2367281E-06  0.0000000E+00  0.0000000E+00 -0.4809808E+00  0.4602040E-03

       820      0  0.0000000E+00  0.0000000E+00  0.0000000E+00  0.0000000E+00  0.0000000E+00  0.0000000E+00
       820      1  0.0000000E+00  0.0000000E+00  0.0000000E+00  0.0000000E+00  0.0000000E+00  0.0000000E+00
       820      2  0.8766618E-06 -0.1959800E-06  0.0000000E+00  0.0000000E+00 -0.9738804E-01  0.9965182E-04
       820      3  0.9387726E-06  0.1682184E-06  0.0000000E+00  0.0000000E+00 -0.1947806E+00  0.1972619E-03
       820      4  0.2712917E-05 -0.8829835E-06  0.0000000E+00  0.0000000E+00 -0.4847680E+00  0.4590273E-03

       830      0  0.0000000E+00  0.0000000E+00  0.0000000E+00  0.0000000E+00  0.0000000E+00  0.0000000E+00
       830      1  0.0000000E+00  0.0000000E+00  0.0000000E+00  0.0000000E+00  0.0000000E+00  0.0000000E+00
       830      2  0.1833764E-06  0.1230537E-06  0.0000000E+00  0.0000000E+00 -0.9817885E-01  0.9964127E-04
       830      3  0.2292941E-06 -0.2507023E-06  0.0000000E+00  0.0000000E+00 -0.1963519E+00  0.1971788E-03
       830      4  0.7428508E-06  0.4538575E-06  0.0000000E+00  0.0000000E+00 -0.4885101E+00  0.4578353E-03

       840      0  0.0000000E+00  0.0000000E+00  0.0000000E+00  0.0000000E+00  0.0000000E+00  0.0000000E+00
       840      1  0.0000000E+00  0.0000000E+00  0.0000000E+00  0.0000000E+00  0.0000000E+00  0.0000000E+00
       840      2  0.3951637E-06 -0.2402301E-06  0.0000000E+00  0.0000000E+00 -0.9896234E-01  0.9963055E-04
       840      3  0.1627670E-05 -0.2460840E-06  0.0000000E+00  0.0000000E+00 -0.1979082E+00  0.1970944E-03
       840      4  0.1679410E-05 -0.9055904E-06  0.0000000E+00  0.0000000E+00 -0.4922074E+00  0.4566282E-03

       850      0  0.0000000E+00  0.0000000E+00  0.0000000E+00  0.0000000E+00  0.0000000E+00  0.0000000E+00
       850      1  0.0000000E+00  0.0000000E+00  0.0000000E+00  0.0000000E+00  0.0000000E+00  0.0000000E+00
       850      2  0.7732051E-06 -0.1867088E-07  0.0000000E+00  0.0000000E+00 -0.9973858E-01  0.9961967E-04
       850      3  0.8770933E-07  0.1656020E-06  0.0000000E+00  0.0000000E+00 -0.1994494E+00  0.1970087E-03
       850      4  0.1907516E-05  0.2795778E-06  0.0000000E+00  0.0000000E+00 -0.4958599E+00  0.4554063E-03

       860      0  0.0000000E+00  0.0000000E+00  0.0000000E+00  0.0000000E+00  0.0000000E+00  0.0000000E+00
       860      1  0.0000000E+00  0.0000000E+00  0.0000000E+00  0.0000000E+00  0.0000000E+00  0.0000000E+00
       860      2 -0.1222420E-08  0.1494767E-07  0.0000000E+00  0.0000000E+00 -0.1005076E+00  0.9960861E-04
       860      3  0.1164274E-05 -0.5007905E-06  0.0000000E+00  0.0000000E+00 -0.2009758E+00  0.1969218E-03
       860      4  0.5367796E-06 -0.5556153E-06  0.0000000E+00  0.0000000E+00 -0.4994679E+00  0.4541697E-03

       870      0  0.0000000E+00  0.0000000E+00  0.0000000E+00  0.0000000E+00  0.0000000E+00  0.0000000E+00
       870      1  0.0000000E+00  0.0000000E+00  0.0000000E+00  0.0000000E+00  0.0000000E+00  0.0000000E+00
       870      2  0.7729803E-06 -0.2566202E-06  0.0000000E+00  0.0000000E+00 -0.1012695E+00  0.9959739E-04
       870      3  0.9724957E-06  0.1590553E-06  0.0000000E+00  0.0000000E+00 -0.2024875E+00  0.1968336E-03
       870      4  0.2842435E-05 -0.1932736E-06  0.0000000E+00  0.0000000E+00 -0.5030315E+00  0.4529186E-03

       880      0  0.0000000E+00  0.0000000E+00  0.0000000E+00  0.0000000E+00  0.0000000E+00  0.0000000E+00
       880      1  0.0000000E+00  0.0000000E+00  0.0000000E+00  0.0000000E+00  0.0000000E+00  0.0000000E+00
       880      2  0.3952922E-06  0.1138708E-06  0.0000000E+00  0.0000000E+00 -0.1020244E+00  0.9958600E-04
       880      3  0.2031338E-06 -0.2351429E-06  0.0000000E+00  0.0000000E+00 -0.2039845E+00  0.1967441E-03
       880      4 -0.6682105E-07 -0.2627648E-07  0.0000000E+00  0.0000000E+00 -0.5065510E+00  0.4516533E-03

       890      0  0.0000000E+00  0.0000000E+00  0.0000000E+00  0.0000000E+00  0.0000000E+00  0.0000000E+00
       890      1  0.0000000E+00  0.0000000E+00  0.0000000E+00  0.0000000E+00  0.0000000E+00  0.0000000E+00
       890      2  0.1829639E-06 -0.1658252E-06  0.0000000E+00  0.0000000E+00 -0.1027722E+00  0.9957445E-04
       890      3  0.1630692E-05 -0.2611751E-06  0.0000000E+00  0.0000000E+00 -0.2054669E+00  0.1966533E-03
       890      4  0.3004183E-05 -0.6977068E-06  0.0000000E+00  0.0000000E+00 -0.5100266E+00  0.4503741E-03

       900      0  0.0000000E+00  0.0000000E+00  0.0000000E+00  0.0000000E+00  0.0000000E+00  0.0000000E+00
       900      1  0.0000000E+00  0.0000000E+00  0.0000000E+00  0.0000000E+00  0.0000000E+00  0.0000000E+00
       900      2  0.8764763E-06 -0.1201205E-06  0.0000000E+00  0.0000000E+00 -0.1035131E+00  0.9956273E-04
       900      3  0.1043083E-06  0.1750747E-06  0.0000000E+00  0.0000000E+00 -0.2069350E+00  0.1965613E-03
       900      4  0.2239573E-06  0.3800042E-06  0.0000000E+00  0.0000000E+00 -0.5134583E+00  0.4490812E-03

       910      0  0.0000000E+00  0.0000000E+00  0.0000000E+00  0.0000000E+00  0.0000000E+00  0.0000000E+00
       910      1  0.0000000E+00  0.0000000E+00  0.0000000E+00  0.0000000E+00  0.0000000E+00  0.0000000E+00
       910      2  0.5677017E-07  0.9159031E-07  0.0000000E+00  0.0000000E+00 -0.1042471E+00  0.9955085E-04
       910      3  0.1129013E-05 -0.4999310E-06  0.0000000E+00  0.0000000E+00 -0.2083888E+00  0.1964680E-03
       910      4  0.2282868E-05 -0.9405811E-06  0.0000000E+00  0.0000000E+00 -0.5168463E+00  0.4477747E-03

       920      0  0.0000000E+00  0.0000000E+00  0.0000000E+00  0.0000000E+00  0.0000000E+00  0.0000000E+00
       920      1  0.0000000E+00  0.0000000E+00  0.0000000E+00  0.0000000E+00  0.0000000E+00  0.0000000E+00
       920      2  0.5828066E-06 -0.2691086E-06  0.0000000E+00  0.0000000E+00 -0.1049743E+00  0.9953880E-04
       920      3  0.1007474E-05  0.1488702E-06  0.0000000E+00  0.0000000E+00 -0.2098284E+00  0.1963734E-03
       920      4  0.1251722E-05  0.4239132E-06  0.0000000E+00  0.0000000E+00 -0.5201909E+00  0.4464551E-03

       930      0  0.0000000E+00  0.0000000E+00  0.0000000E+00  0.0000000E+00  0.0000000E+00  0.0000000E+00
       930      1  0.0000000E+00  0.0000000E+00  0.0000000E+00  0.0000000E+00  0.0000000E+00  0.0000000E+00
       930      2  0.6196893E-06  0.5589387E-07  0.0000000E+00  0.0000000E+00 -0.1056947E+00  0.9952658E-04
       930      3  0.1769025E-06 -0.2186104E-06  0.0000000E+00  0.0000000E+00 -0.2112539E+00  0.1962776E-03
       930      4  0.1084909E-05 -0.7739905E-06  0.0000000E+00  0.0000000E+00 -0.5234923E+00  0.4451224E-03

       940      0  0.0000000E+00  0.0000000E+00  0.0000000E+00  0.0000000E+00  0.0000000E+00  0.0000000E+00
       940      1  0.0000000E+00  0.0000000E+00  0.0000000E+00  0.0000000E+00  0.0000000E+00  0.0000000E+00
       940      2  0.3864251E-07 -0.6695972E-07  0.0000000E+00  0.0000000E+00 -0.1064085E+00  0.9951421E-04
       940      3  0.1632103E-05 -0.2767274E-06  0.0000000E+00  0.0000000E+00 -0.2126654E+00  0.1961806E-03
       940      4  0.2417942E-05  0.7358401E-07  0.0000000E+00  0.0000000E+00 -0.5267505E+00  0.4437770E-03

       950      0  0.0000000E+00  0.0000000E+00  0.0000000E+00  0.0000000E+00  0.0000000E+00  0.0000000E+00
       950      1  0.0000000E+00  0.0000000E+00  0.0000000E+00  0.0000000E+00  0.0000000E+00  0.0000000E+00
       950      2  0.8661689E-06 -0.2091494E-06  0.0000000E+00  0.0000000E+00 -0.1071156E+00  0.9950167E-04
       950      3  0.1231836E-06  0.1843633E-06  0.0000000E+00  0.0000000E+00 -0.2140631E+00  0.1960823E-03
       950      4  0.1127981E-06 -0.2895384E-06  0.0000000E+00  0.0000000E+00 -0.5299658E+00  0.4424192E-03

       960      0  0.0000000E+00  0.0000000E+00  0.0000000E+00  0.0000000E+00  0.0000000E+00  0.0000000E+00
       960      1  0.0000000E+00  0.0000000E+00  0.0000000E+00  0.0000000E+00  0.0000000E+00  0.0000000E+00
       960      2  0.2158216E-06  0.1252889E-06  0.0000000E+00  0.0000000E+00 -0.1078161E+00  0.9948896E-04
       960      3  0.1091279E-05 -0.4982247E-06  0.0000000E+00  0.0000000E+00 -0.2154471E+00  0.1959828E-03
       960      4  0.3022953E-05 -0.4674427E-06  0.0000000E+00  0.0000000E+00 -0.5331383E+00  0.4410491E-03

       970      0  0.0000000E+00  0.0000000E+00  0.0000000E+00  0.0000000E+00  0.0000000E+00  0.0000000E+00
       970      1  0.0000000E+00  0.0000000E+00  0.0000000E+00  0.0000000E+00  0.0000000E+00  0.0000000E+00
       970      2  0.3557860E-06 -0.2300995E-06  0.0000000E+00  0.0000000E+00 -0.1085100E+00  0.9947610E-04
       970      3  0.1043707E-05  0.1375635E-06  0.0000000E+00  0.0000000E+00 -0.2168174E+00  0.1958821E-03
       970      4 -0.4600667E-07  0.2266405E-06  0.0000000E+00  0.0000000E+00 -0.5362682E+00  0.4396671E-03

       980      0  0.0000000E+00  0.0000000E+00  0.0000000E+00  0.0000000E+00  0.0000000E+00  0.0000000E+00
       980      1  0.0000000E+00  0.0000000E+00  0.0000000E+00  0.0000000E+00  0.0000000E+00  0.0000000E+00
       980      2  0.7977529E-06 -0.3575067E-07  0.0000000E+00  0.0000000E+00 -0.1091975E+00  0.9946307E-04
       980      3  0.1507590E-06 -0.2010558E-06  0.0000000E+00  0.0000000E+00 -0.2181742E+00  0.1957801E-03
       980      4  0.2686393E-05 -0.8736240E-06  0.0000000E+00  0.0000000E+00 -0.5393557E+00  0.4382733E-03

       990      0  0.0000000E+00  0.0000000E+00  0.0000000E+00  0.0000000E+00  0.0000000E+00  0.0000000E+00
       990      1  0.0000000E+00  0.0000000E+00  0.0000000E+00  0.0000000E+00  0.0000000E+00  0.0000000E+00
       990      2  0.6861243E-10  0.3050342E-07  0.0000000E+00  0.0000000E+00 -0.1098786E+00  0.9944988E-04
       990      3  0.1631653E-05 -0.2927180E-06  0.0000000E+00  0.0000000E+00 -0.2195176E+00  0.1956769E-03
       990      4  0.7169569E-06  0.4602656E-06  0.0000000E+00  0.0000000E+00 -0.5424009E+00  0.4368682E-03

      1000      0  0.0000000E+00  0.0000000E+00  0.0000000E+00  0.0000000E+00  0.0000000E+00  0.0000000E+00
      1000      1  0.0000000E+00  0.0000000E+00  0.0000000E+00  0.0000000E+00  0.0000000E+00  0.0000000E+00
      1000      2  0.7447694E-06 -0.2623982E-06  0.0000000E+00  0.0000000E+00 -0.1105534E+00  0.9943653E-04
      1000      3  0.1445814E-06  0.1933780E-06  0.0000000E+00  0.0000000E+00 -0.2208476E+00  0.1955726E-03
      1000      4  0.1595058E-05 -0.8922825E-06  0.0000000E+00  0.0000000E+00 -0.5454041E+00  0.4354518E-03
