# number of spin vectors:       5
# iteration vector   S_X            S_Y            S_Z
         0      0  0.0000000E+00  0.0000000E+00  0.0000000E+00
         0      1  0.0000000E+00  0.0000000E+00  0.1000000E+01
         0      2  0.0000000E+00  0.0000000E+00  0.1000000E+01
         0      3  0.0000000E+00  0.0000000E+00  0.1000000E+01
         0      4  0.0000000E+00  0.0000000E+00  0.1000000E+01

        10      0  0.0000000E+00  0.0000000E+00  0.0000000E+00
        10      1 -0.8652608E-03  0.0000000E+00  0.9999996E+00
        10      2  0.3774150E-03  0.0000000E+00  0.9999999E+00
        10      3  0.1619907E-02  0.0000000E+00  0.9999987E+00
        10      4  0.5346341E-02  0.0000000E+00  0.9999857E+00

        20      0  0.0000000E+00  0.0000000E+00  0.0000000E+00
        20      1 -0.1730521E-02  0.0000000E+00  0.9999985E+00
        20      2  0.7552351E-03  0.0000000E+00  0.9999997E+00
        20      3  0.3240584E-02  0.0000000E+00  0.9999947E+00
        20      4  0.1069409E-01  0.0000000E+00  0.9999428E+00

        30      0  0.0000000E+00  0.0000000E+00  0.0000000E+00
        30      1 -0.2595780E-02  0.0000000E+00  0.9999966E+00
        30      2  0.1133312E-02  0.0000000E+00  0.9999994E+00
        30      3  0.4861823E-02  0.0000000E+00  0.9999882E+00
        30      4  0.1604304E-01  0.0000000E+00  0.9998713E+00

        40      0  0.0000000E+00  0.0000000E+00  0.0000000E+00
        40      1 -0.3461037E-02  0.0000000E+00  0.9999940E+00
        40      2  0.1511401E-02  0.0000000E+00  0.9999989E+00
        40      3  0.6483181E-02  0.0000000E+00  0.9999790E+00
        40      4  0.2139256E-01  0.0000000E+00  0.9997712E+00

        50      0  0.0000000E+00  0.0000000E+00  0.0000000E+00
        50      1 -0.4326291E-02  0.0000000E+00  0.9999906E+00
        50      2  0.1889474E-02  0.0000000E+00  0.9999982E+00
        50      3  0.8104466E-02  0.0000000E+00  0.9999672E+00
        50      4  0.2674190E-01  0.0000000E+00  0.9996424E+00

        60      0  0.0000000E+00  0.0000000E+00  0.0000000E+00
        60      1 -0.5191542E-02  0.0000000E+00  0.9999865E+00
        60      2  0.2267755E-02  0.0000000E+00  0.9999974E+00
        60      3  0.9725939E-02  0.0000000E+00  0.9999527E+00
        60      4  0.3209051E-01  0.0000000E+00  0.9994850E+00

        70      0  0.0000000E+00  0.0000000E+00  0.0000000E+00
        70      1 -0.6056790E-02  0.0000000E+00  0.9999817E+00
        70      2  0.2646426E-02  0.0000000E+00  0.9999965E+00
        70      3  0.1134801E-01  0.0000000E+00  0.9999356E+00
        70      4  0.3743831E-01  0.0000000E+00  0.9992989E+00

        80      0  0.0000000E+00  0.0000000E+00  0.0000000E+00
        80      1 -0.6922032E-02  0.0000000E+00  0.9999760E+00
        80      2  0.3025391E-02  0.0000000E+00  0.9999954E+00
        80      3  0.1297077E-01  0.0000000E+00  0.9999159E+00
        80      4  0.4278555E-01  0.0000000E+00  0.9990843E+00

        90      0  0.0000000E+00  0.0000000E+00  0.0000000E+00
        90      1 -0.7787270E-02  0.0000000E+00  0.9999697E+00
        90      2  0.3404395E-02  0.0000000E+00  0.9999942E+00
        90      3  0.1459388E-01  0.0000000E+00  0.9998935E+00
        90      4  0.4813255E-01  0.0000000E+00  0.9988410E+00

       100      0  0.0000000E+00  0.0000000E+00  0.0000000E+00
       100      1 -0.8652501E-02  0.0000000E+00  0.9999626E+00
       100      2  0.3783353E-02  0.0000000E+00  0.9999928E+00
       100      3  0.1621693E-01  0.0000000E+00  0.9998685E+00
       100      4  0.5347933E-01  0.0000000E+00  0.9985690E+00

       110      0  0.0000000E+00  0.0000000E+00  0.0000000E+00
       110      1 -0.9517727E-02  0.0000000E+00  0.9999547E+00
       110      2  0.4162456E-02  0.0000000E+00  0.9999913E+00
       110      3  0.1783989E-01  0.0000000E+00  0.9998409E+00
       110      4  0.5882543E-01  0.0000000E+00  0.9982683E+00

       120      0  0.0000000E+00  0.0000000E+00  0.0000000E+00
       120      1 -0.1038294E-01  0.0000000E+00  0.9999461E+00
       120      2  0.4541920E-02  0.0000000E+00  0.9999897E+00
       120      3  0.1946311E-01  0.0000000E+00  0.9998106E+00
       120      4  0.6417009E-01  0.0000000E+00  0.9979390E+00

       130      0  0.0000000E+00  0.0000000E+00  0.0000000E+00
       130      1 -0.1124815E-01  0.0000000E+00  0.9999367E+00
       130      2  0.4921705E-02  0.0000000E+00  0.9999879E+00
       130      3  0.2108695E-01  0.0000000E+00  0.9997776E+00
       130      4  0.6951251E-01  0.0000000E+00  0.9975811E+00

       140      0  0.0000000E+00  0.0000000E+00  0.0000000E+00
       140      1 -0.1211336E-01  0.0000000E+00  0.9999266E+00
       140      2  0.5301565E-02  0.0000000E+00  0.9999859E+00
       140      3  0.2271133E-01  0.0000000E+00  0.9997421E+00
       140      4  0.7485224E-01  0.0000000E+00  0.9971946E+00

       150      0  0.0000000E+00  0.0000000E+00  0.0000000E+00
       150      1 -0.1297855E-01  0.0000000E+00  0.9999158E+00
       150      2  0.5681359E-02  0.0000000E+00  0.9999839E+00
       150      3  0.2433581E-01  0.0000000E+00  0.9997038E+00
       150      4  0.8018930E-01  0.0000000E+00  0.9967797E+00

       160      0  0.0000000E+00  0.0000000E+00  0.0000000E+00
       160      1 -0.1384373E-01  0.0000000E+00  0.9999042E+00
       160      2  0.6061233E-02  0.0000000E+00  0.9999816E+00
       160      3  0.2596008E-01  0.0000000E+00  0.9996630E+00
       160      4  0.8552395E-01  0.0000000E+00  0.9963361E+00

       170      0  0.0000000E+00  0.0000000E+00  0.0000000E+00
       170      1 -0.1470891E-01  0.0000000E+00  0.9998918E+00
       170      2  0.6441428E-02  0.0000000E+00  0.9999793E+00
       170      3  0.2758427E-01  0.0000000E+00  0.9996195E+00
       170      4  0.9085636E-01  0.0000000E+00  0.9958640E+00

       180      0  0.0000000E+00  0.0000000E+00  0.0000000E+00
       180      1 -0.1557407E-01  0.0000000E+00  0.9998787E+00
       180      2  0.6821963E-02  0.0000000E+00  0.9999767E+00
       180      3  0.2920880E-01  0.0000000E+00  0.9995733E+00
       180      4  0.9618635E-01  0.0000000E+00  0.9953633E+00

       190      0  0.0000000E+00  0.0000000E+00  0.0000000E+00
       190      1 -0.1643922E-01  0.0000000E+00  0.9998649E+00
       190      2  0.7202609E-02  0.0000000E+00  0.9999741E+00
       190      3  0.3083388E-01  0.0000000E+00  0.9995245E+00
       190      4  0.1015132E+00  0.0000000E+00  0.9948342E+00

       200      0  0.0000000E+00  0.0000000E+00  0.0000000E+00
       200      1 -0.1730435E-01  0.0000000E+00  0.9998503E+00
       200      2  0.7583181E-02  0.0000000E+00  0.9999712E+00
       200      3  0.3245928E-01  0.0000000E+00  0.9994731E+00
       200      4  0.1068362E+00  0.0000000E+00  0.9942766E+00

       210      0  0.0000000E+00  0.0000000E+00  0.0000000E+00
       210      1 -0.1816948E-01  0.0000000E+00  0.9998349E+00
       210      2  0.7963773E-02  0.0000000E+00  0.9999683E+00
       210      3  0.3408454E-01  0.0000000E+00  0.9994190E+00
       210      4  0.1121544E+00  0.0000000E+00  0.9936908E+00

       220      0  0.0000000E+00  0.0000000E+00  0.0000000E+00
       220      1 -0.1903459E-01  0.0000000E+00  0.9998188E+00
       220      2  0.8344635E-02  0.0000000E+00  0.9999652E+00
       220      3  0.3570949E-01  0.0000000E+00  0.9993622E+00
       220      4  0.1174677E+00  0.0000000E+00  0.9930767E+00

       230      0  0.0000000E+00  0.0000000E+00  0.0000000E+00
       230      1 -0.1989969E-01  0.0000000E+00  0.9998020E+00
       230      2  0.8725842E-02  0.0000000E+00  0.9999619E+00
       230      3  0.3733440E-01  0.0000000E+00  0.9993028E+00
       230      4  0.1227760E+00  0.0000000E+00  0.9924344E+00

       240      0  0.0000000E+00  0.0000000E+00  0.0000000E+00
       240      1 -0.2076477E-01  0.0000000E+00  0.9997844E+00
       240      2  0.9107200E-02  0.0000000E+00  0.9999585E+00
       240      3  0.3895968E-01  0.0000000E+00  0.9992408E+00
       240      4  0.1280796E+00  0.0000000E+00  0.9917639E+00

       250      0  0.0000000E+00  0.0000000E+00  0.0000000E+00
       250      1 -0.2162984E-01  0.0000000E+00  0.9997660E+00
       250      2  0.9488486E-02  0.0000000E+00  0.9999550E+00
       250      3  0.4058537E-01  0.0000000E+00  0.9991761E+00
       250      4  0.1333786E+00  0.0000000E+00  0.9910652E+00

       260      0  0.0000000E+00  0.0000000E+00  0.0000000E+00
       260      1 -0.2249489E-01  0.0000000E+00  0.9997470E+00
       260      2  0.9869738E-02  0.0000000E+00  0.9999513E+00
       260      3  0.4221112E-01  0.0000000E+00  0.9991087E+00
       260      4  0.1386725E+00  0.0000000E+00  0.9903383E+00

       270      0  0.0000000E+00  0.0000000E+00  0.0000000E+00
       270      1 -0.2335992E-01  0.0000000E+00  0.9997271E+00
       270      2  0.1025120E-01  0.0000000E+00  0.9999475E+00
       270      3  0.4383651E-01  0.0000000E+00  0.9990387E+00
       270      4  0.1439605E+00  0.0000000E+00  0.9895834E+00

       280      0  0.0000000E+00  0.0000000E+00  0.0000000E+00
       280      1 -0.2422494E-01  0.0000000E+00  0.9997065E+00
       280      2  0.1063300E-01  0.0000000E+00  0.9999435E+00
       280      3  0.4546154E-01  0.0000000E+00  0.9989661E+00
       280      4  0.1492418E+00  0.0000000E+00  0.9888007E+00

       290      0  0.0000000E+00  0.0000000E+00  0.0000000E+00
       290      1 -0.2508993E-01  0.0000000E+00  0.9996852E+00
       290      2  0.1101499E-01  0.0000000E+00  0.9999393E+00
       290      3  0.4708659E-01  0.0000000E+00  0.9988908E+00
       290      4  0.1545156E+00  0.0000000E+00  0.9879903E+00

       300      0  0.0000000E+00  0.0000000E+00  0.0000000E+00
       300      1 -0.2595491E-01  0.0000000E+00  0.9996631E+00
       300      2  0.1139692E-01  0.0000000E+00  0.9999351E+00
       300      3  0.4871196E-01  0.0000000E+00  0.9988129E+00
       300      4  0.1597819E+00  0.0000000E+00  0.9871523E+00

       310      0  0.0000000E+00  0.0000000E+00  0.0000000E+00
       310      1 -0.2681987E-01  0.0000000E+00  0.9996403E+00
       310      2  0.1177877E-01  0.0000000E+00  0.9999306E+00
       310      3  0.5033754E-01  0.0000000E+00  0.9987323E+00
       310      4  0.1650407E+00  0.0000000E+00  0.9862868E+00

       320      0  0.0000000E+00  0.0000000E+00  0.0000000E+00
       320      1 -0.2768481E-01  0.0000000E+00  0.9996167E+00
       320      2  0.1216076E-01  0.0000000E+00  0.9999261E+00
       320      3  0.5196290E-01  0.0000000E+00  0.9986490E+00
       320      4  0.1702923E+00  0.0000000E+00  0.9853936E+00

       330      0  0.0000000E+00  0.0000000E+00  0.0000000E+00
       330      1 -0.2854973E-01  0.0000000E+00  0.9995924E+00
       330      2  0.1254308E-01  0.0000000E+00  0.9999213E+00
       330      3  0.5358773E-01  0.0000000E+00  0.9985631E+00
       330      4  0.1755365E+00  0.0000000E+00  0.9844729E+00

       340      0  0.0000000E+00  0.0000000E+00  0.0000000E+00
       340      1 -0.2941463E-01  0.0000000E+00  0.9995673E+00
       340      2  0.1292561E-01  0.0000000E+00  0.9999165E+00
       340      3  0.5521220E-01  0.0000000E+00  0.9984746E+00
       340      4  0.1807727E+00  0.0000000E+00  0.9835249E+00

       350      0  0.0000000E+00  0.0000000E+00  0.0000000E+00
       350      1 -0.3027950E-01  0.0000000E+00  0.9995415E+00
       350      2  0.1330811E-01  0.0000000E+00  0.9999114E+00
       350      3  0.5683670E-01  0.0000000E+00  0.9983835E+00
       350      4  0.1860000E+00  0.0000000E+00  0.9825497E+00

       360      0  0.0000000E+00  0.0000000E+00  0.0000000E+00
       360      1 -0.3114436E-01  0.0000000E+00  0.9995149E+00
       360      2  0.1369049E-01  0.0000000E+00  0.9999063E+00
       360      3  0.5846143E-01  0.0000000E+00  0.9982897E+00
       360      4  0.1912176E+00  0.0000000E+00  0.9815477E+00

       370      0  0.0000000E+00  0.0000000E+00  0.0000000E+00
       370      1 -0.3200919E-01  0.0000000E+00  0.9994876E+00
       370      2  0.1407295E-01  0.0000000E+00  0.9999010E+00
       370      3  0.6008612E-01  0.0000000E+00  0.9981932E+00
       370      4  0.1964249E+00  0.0000000E+00  0.9805189E+00

       380      0  0.0000000E+00  0.0000000E+00  0.0000000E+00
       380      1 -0.3287399E-01  0.0000000E+00  0.9994595E+00
       380      2  0.1445570E-01  0.0000000E+00  0.9998955E+00
       380      3  0.6171032E-01  0.0000000E+00  0.9980941E+00
       380      4  0.2016219E+00  0.0000000E+00  0.9794634E+00

       390      0  0.0000000E+00  0.0000000E+00  0.0000000E+00
       390      1 -0.3373877E-01  0.0000000E+00  0.9994307E+00
       390      2  0.1483869E-01  0.0000000E+00  0.9998899E+00
       390      3  0.6333388E-01  0.0000000E+00  0.9979924E+00
       390      4  0.2068090E+00  0.0000000E+00  0.9783813E+00

       400      0  0.0000000E+00  0.0000000E+00  0.0000000E+00
       400      1 -0.3460353E-01  0.0000000E+00  0.9994011E+00
       400      2  0.1522167E-01  0.0000000E+00  0.9998841E+00
       400      3  0.6495709E-01  0.0000000E+00  0.9978881E+00
       400      4  0.2119860E+00  0.0000000E+00  0.9772727E+00

       410      0  0.0000000E+00  0.0000000E+00  0.0000000E+00
       410      1 -0.3546826E-01  0.0000000E+00  0.9993708E+00
       410      2  0.1560452E-01  0.0000000E+00  0.9998782E+00
       410      3  0.6658033E-01  0.0000000E+00  0.9977811E+00
       410      4  0.2171527E+00  0.0000000E+00  0.9761376E+00

       420      0  0.0000000E+00  0.0000000E+00  0.0000000E+00
       420      1 -0.3633296E-01  0.0000000E+00  0.9993397E+00
       420      2  0.1598737E-01  0.0000000E+00  0.9998722E+00
       420      3  0.6820362E-01  0.0000000E+00  0.9976714E+00
       420      4  0.2223083E+00  0.0000000E+00  0.9749764E+00

       430      0  0.0000000E+00  0.0000000E+00  0.0000000E+00
       430      1 -0.3719764E-01  0.0000000E+00  0.9993079E+00
       430      2  0.1637047E-01  0.0000000E+00  0.9998660E+00
       430      3  0.6982659E-01  0.0000000E+00  0.9975591E+00
       430      4  0.2274519E+00  0.0000000E+00  0.9737893E+00

       440      0  0.0000000E+00  0.0000000E+00  0.0000000E+00
       440      1 -0.3806228E-01  0.0000000E+00  0.9992754E+00
       440      2  0.1675383E-01  0.0000000E+00  0.9998596E+00
       440      3  0.7144884E-01  0.0000000E+00  0.9974443E+00
       440      4  0.2325828E+00  0.0000000E+00  0.9725766E+00

       450      0  0.0000000E+00  0.0000000E+00  0.0000000E+00
       450      1 -0.3892690E-01  0.0000000E+00  0.9992421E+00
       450      2  0.1713722E-01  0.0000000E+00  0.9998531E+00
       450      3  0.7307038E-01  0.0000000E+00  0.9973268E+00
       450      4  0.2377007E+00  0.0000000E+00  0.9713385E+00

       460      0  0.0000000E+00  0.0000000E+00  0.0000000E+00
       460      1 -0.3979149E-01  0.0000000E+00  0.9992080E+00
       460      2  0.1752045E-01  0.0000000E+00  0.9998465E+00
       460      3  0.7469159E-01  0.0000000E+00  0.9972067E+00
       460      4  0.2428056E+00  0.0000000E+00  0.9700750E+00

       470      0  0.0000000E+00  0.0000000E+00  0.0000000E+00
       470      1 -0.4065606E-01  0.0000000E+00  0.9991732E+00
       470      2  0.1790363E-01  0.0000000E+00  0.9998397E+00
       470      3  0.7631278E-01  0.0000000E+00  0.9970839E+00
       470      4  0.2478979E+00  0.0000000E+00  0.9687862E+00

       480      0  0.0000000E+00  0.0000000E+00  0.0000000E+00
       480      1 -0.4152059E-01  0.0000000E+00  0.9991376E+00
       480      2  0.1828701E-01  0.0000000E+00  0.9998328E+00
       480      3  0.7793380E-01  0.0000000E+00  0.9969585E+00
       480      4  0.2529774E+00  0.0000000E+00  0.9674722E+00

       490      0  0.0000000E+00  0.0000000E+00  0.0000000E+00
       490      1 -0.4238508E-01  0.0000000E+00  0.9991013E+00
       490      2  0.1867064E-01  0.0000000E+00  0.9998257E+00
       490      3  0.7955419E-01  0.0000000E+00  0.9968305E+00
       490      4  0.2580435E+00  0.0000000E+00  0.9661333E+00

       500      0  0.0000000E+00  0.0000000E+00  0.0000000E+00
       500      1 -0.4324955E-01  0.0000000E+00  0.9990643E+00
       500      2  0.1905435E-01  0.0000000E+00  0.9998184E+00
       500      3  0.8117368E-01  0.0000000E+00  0.9967000E+00
       500      4  0.2630955E+00  0.0000000E+00  0.9647698E+00

       510      0  0.0000000E+00  0.0000000E+00  0.0000000E+00
       510      1 -0.4411399E-01  0.0000000E+00  0.9990265E+00
       510      2  0.1943790E-01  0.0000000E+00  0.9998111E+00
       510      3  0.8279246E-01  0.0000000E+00  0.9965668E+00
       510      4  0.2681323E+00  0.0000000E+00  0.9633821E+00

       520      0  0.0000000E+00  0.0000000E+00  0.0000000E+00
       520      1 -0.4497839E-01  0.0000000E+00  0.9989880E+00
       520      2  0.1982133E-01  0.0000000E+00  0.9998035E+00
       520      3  0.8441092E-01  0.0000000E+00  0.9964310E+00
       520      4  0.2731536E+00  0.0000000E+00  0.9619704E+00

       530      0  0.0000000E+00  0.0000000E+00  0.0000000E+00
       530      1 -0.4584276E-01  0.0000000E+00  0.9989487E+00
       530      2  0.2020490E-01  0.0000000E+00  0.9997959E+00
       530      3  0.8602922E-01  0.0000000E+00  0.9962926E+00
       530      4  0.2781593E+00  0.0000000E+00  0.9605350E+00

       540      0  0.0000000E+00  0.0000000E+00  0.0000000E+00
       540      1 -0.4670709E-01  0.0000000E+00  0.9989086E+00
       540      2  0.2058873E-01  0.0000000E+00  0.9997880E+00
       540      3  0.8764708E-01  0.0000000E+00  0.9961516E+00
       540      4  0.2831495E+00  0.0000000E+00  0.9590758E+00

       550      0  0.0000000E+00  0.0000000E+00  0.0000000E+00
       550      1 -0.4757139E-01  0.0000000E+00  0.9988678E+00
       550      2  0.2097265E-01  0.0000000E+00  0.9997800E+00
       550      3  0.8926404E-01  0.0000000E+00  0.9960080E+00
       550      4  0.2881245E+00  0.0000000E+00  0.9575930E+00

       560      0  0.0000000E+00  0.0000000E+00  0.0000000E+00
       560      1 -0.4843565E-01  0.0000000E+00  0.9988263E+00
       560      2  0.2135644E-01  0.0000000E+00  0.9997719E+00
       560      3  0.9087999E-01  0.0000000E+00  0.9958619E+00
       560      4  0.2930839E+00  0.0000000E+00  0.9560867E+00

       570      0  0.0000000E+00  0.0000000E+00  0.0000000E+00
       570      1 -0.4929988E-01  0.0000000E+00  0.9987840E+00
       570      2  0.2174006E-01  0.0000000E+00  0.9997637E+00
       570      3  0.9249523E-01  0.0000000E+00  0.9957131E+00
       570      4  0.2980269E+00  0.0000000E+00  0.9545575E+00

       580      0  0.0000000E+00  0.0000000E+00  0.0000000E+00
       580      1 -0.5016407E-01  0.0000000E+00  0.9987410E+00
       580      2  0.2212375E-01  0.0000000E+00  0.9997552E+00
       580      3  0.9411013E-01  0.0000000E+00  0.9955618E+00
       580      4  0.3029528E+00  0.0000000E+00  0.9530056E+00

       590      0  0.0000000E+00  0.0000000E+00  0.0000000E+00
       590      1 -0.5102822E-01  0.0000000E+00  0.9986972E+00
       590      2  0.2250768E-01  0.0000000E+00  0.9997467E+00
       590      3  0.9572469E-01  0.0000000E+00  0.9954078E+00
       590      4  0.3078608E+00  0.0000000E+00  0.9514314E+00

       600      0  0.0000000E+00  0.0000000E+00  0.0000000E+00
       600      1 -0.5189234E-01  0.0000000E+00  0.9986527E+00
       600      2  0.2289174E-01  0.0000000E+00  0.9997379E+00
       600      3  0.9733850E-01  0.0000000E+00  0.9952513E+00
       600      4  0.3127506E+00  0.0000000E+00  0.9498353E+00

       610      0  0.0000000E+00  0.0000000E+00  0.0000000E+00
       610      1 -0.5275641E-01  0.0000000E+00  0.9986074E+00
       610      2  0.2327567E-01  0.0000000E+00  0.9997291E+00
       610      3  0.9895118E-01  0.0000000E+00  0.9950923E+00
       610      4  0.3176224E+00  0.0000000E+00  0.9482173E+00

       620      0  0.0000000E+00  0.0000000E+00  0.0000000E+00
       620      1 -0.5362045E-01  0.0000000E+00  0.9985614E+00
       620      2  0.2365941E-01  0.0000000E+00  0.9997201E+00
       620      3  0.1005628E+00  0.0000000E+00  0.9949307E+00
       620      4  0.3224765E+00  0.0000000E+00  0.9465775E+00

       630      0  0.0000000E+00  0.0000000E+00  0.0000000E+00
       630      1 -0.5448445E-01  0.0000000E+00  0.9985146E+00
       630      2  0.2404315E-01  0.0000000E+00  0.9997109E+00
       630      3  0.1021737E+00  0.0000000E+00  0.9947666E+00
       630      4  0.3273128E+00  0.0000000E+00  0.9449160E+00

       640      0  0.0000000E+00  0.0000000E+00  0.0000000E+00
       640      1 -0.5534840E-01  0.0000000E+00  0.9984671E+00
       640      2  0.2442709E-01  0.0000000E+00  0.9997016E+00
       640      3  0.1037842E+00  0.0000000E+00  0.9945998E+00
       640      4  0.3321308E+00  0.0000000E+00  0.9432333E+00

       650      0  0.0000000E+00  0.0000000E+00  0.0000000E+00
       650      1 -0.5621232E-01  0.0000000E+00  0.9984188E+00
       650      2  0.2481119E-01  0.0000000E+00  0.9996922E+00
       650      3  0.1053942E+00  0.0000000E+00  0.9944305E+00
       650      4  0.3369297E+00  0.0000000E+00  0.9415298E+00

       660      0  0.0000000E+00  0.0000000E+00  0.0000000E+00
       660      1 -0.5707619E-01  0.0000000E+00  0.9983698E+00
       660      2  0.2519520E-01  0.0000000E+00  0.9996826E+00
       660      3  0.1070030E+00  0.0000000E+00  0.9942587E+00
       660      4  0.3417086E+00  0.0000000E+00  0.9398059E+00

       670      0  0.0000000E+00  0.0000000E+00  0.0000000E+00
       670      1 -0.5794002E-01  0.0000000E+00  0.9983201E+00
       670      2  0.2557898E-01  0.0000000E+00  0.9996728E+00
       670      3  0.1086106E+00  0.0000000E+00  0.9940844E+00
       670      4  0.3464672E+00  0.0000000E+00  0.9380621E+00

       680      0  0.0000000E+00  0.0000000E+00  0.0000000E+00
       680      1 -0.5880380E-01  0.0000000E+00  0.9982696E+00
       680      2  0.2596269E-01  0.0000000E+00  0.9996629E+00
       680      3  0.1102171E+00  0.0000000E+00  0.9939075E+00
       680      4  0.3512054E+00  0.0000000E+00  0.9362984E+00

       690      0  0.0000000E+00  0.0000000E+00  0.0000000E+00
       690      1 -0.5966754E-01  0.0000000E+00  0.9982183E+00
       690      2  0.2634657E-01  0.0000000E+00  0.9996529E+00
       690      3  0.1118229E+00  0.0000000E+00  0.9937281E+00
       690      4  0.3559236E+00  0.0000000E+00  0.9345151E+00

       700      0  0.0000000E+00  0.0000000E+00  0.0000000E+00
       700      1 -0.6053124E-01  0.0000000E+00  0.9981663E+00
       700      2  0.2673062E-01  0.0000000E+00  0.9996427E+00
       700      3  0.1134282E+00  0.0000000E+00  0.9935462E+00
       700      4  0.3606219E+00  0.0000000E+00  0.9327121E+00

       710      0  0.0000000E+00  0.0000000E+00  0.0000000E+00
       710      1 -0.6139489E-01  0.0000000E+00  0.9981136E+00
       710      2  0.2711461E-01  0.0000000E+00  0.9996323E+00
       710      3  0.1150326E+00  0.0000000E+00  0.9933617E+00
       710      4  0.3653001E+00  0.0000000E+00  0.9308898E+00

       720      0  0.0000000E+00  0.0000000E+00  0.0000000E+00
       720      1 -0.6225850E-01  0.0000000E+00  0.9980601E+00
       720      2  0.2749836E-01  0.0000000E+00  0.9996218E+00
       720      3  0.1166357E+00  0.0000000E+00  0.9931748E+00
       720      4  0.3699574E+00  0.0000000E+00  0.9290487E+00

       730      0  0.0000000E+00  0.0000000E+00  0.0000000E+00
       730      1 -0.6312206E-01  0.0000000E+00  0.9980058E+00
       730      2  0.2788197E-01  0.0000000E+00  0.9996112E+00
       730      3  0.1182374E+00  0.0000000E+00  0.9929854E+00
       730      4  0.3745930E+00  0.0000000E+00  0.9271893E+00

       740      0  0.0000000E+00  0.0000000E+00  0.0000000E+00
       740      1 -0.6398557E-01  0.0000000E+00  0.9979508E+00
       740      2  0.2826570E-01  0.0000000E+00  0.9996004E+00
       740      3  0.1198380E+00  0.0000000E+00  0.9927935E+00
       740      4  0.3792064E+00  0.0000000E+00  0.9253121E+00

       750      0  0.0000000E+00  0.0000000E+00  0.0000000E+00
       750      1 -0.6484903E-01  0.0000000E+00  0.9978951E+00
       750      2  0.2864961E-01  0.0000000E+00  0.9995895E+00
       750      3  0.1214379E+00  0.0000000E+00  0.9925990E+00
       750      4  0.3837974E+00  0.0000000E+00  0.9234173E+00

       760      0  0.0000000E+00  0.0000000E+00  0.0000000E+00
       760      1 -0.6571245E-01  0.0000000E+00  0.9978386E+00
       760      2  0.2903350E-01  0.0000000E+00  0.9995784E+00
       760      3  0.1230371E+00  0.0000000E+00  0.9924021E+00
       760      4  0.3883664E+00  0.0000000E+00  0.9215051E+00

       770      0  0.0000000E+00  0.0000000E+00  0.0000000E+00
       770      1 -0.6657581E-01  0.0000000E+00  0.9977814E+00
       770      2  0.2941714E-01  0.0000000E+00  0.9995672E+00
       770      3  0.1246350E+00  0.0000000E+00  0.9922027E+00
       770      4  0.3929135E+00  0.0000000E+00  0.9195754E+00

       780      0  0.0000000E+00  0.0000000E+00  0.0000000E+00
       780      1 -0.6743913E-01  0.0000000E+00  0.9977234E+00
       780      2  0.2980060E-01  0.0000000E+00  0.9995559E+00
       780      3  0.1262315E+00  0.0000000E+00  0.9920008E+00
       780      4  0.3974389E+00  0.0000000E+00  0.9176286E+00

       790      0  0.0000000E+00  0.0000000E+00  0.0000000E+00
       790      1 -0.6830239E-01  0.0000000E+00  0.9976647E+00
       790      2  0.3018410E-01  0.0000000E+00  0.9995444E+00
       790      3  0.1278265E+00  0.0000000E+00  0.9917965E+00
       790      4  0.4019419E+00  0.0000000E+00  0.9156652E+00

       800      0  0.0000000E+00  0.0000000E+00  0.0000000E+00
       800      1 -0.6916561E-01  0.0000000E+00  0.9976052E+00
       800      2  0.3056778E-01  0.0000000E+00  0.9995327E+00
       800      3  0.1294205E+00  0.0000000E+00  0.9915898E+00
       800      4  0.4064217E+00  0.0000000E+00  0.9136856E+00

       810      0  0.0000000E+00  0.0000000E+00  0.0000000E+00
       810      1 -0.7002877E-01  0.0000000E+00  0.9975450E+00
       810      2  0.3095148E-01  0.0000000E+00  0.9995209E+00
       810      3  0.1310137E+00  0.0000000E+00  0.9913806E+00
       810      4  0.4108778E+00  0.0000000E+00  0.9116904E+00

       820      0  0.0000000E+00  0.0000000E+00  0.0000000E+00
       820      1 -0.7089188E-01  0.0000000E+00  0.9974840E+00
       820      2  0.3133494E-01  0.0000000E+00  0.9995089E+00
       820      3  0.1326058E+00  0.0000000E+00  0.9911689E+00
       820      4  0.4153098E+00  0.0000000E+00  0.9096801E+00

       830      0  0.0000000E+00  0.0000000E+00  0.0000000E+00
       830      1 -0.7175494E-01  0.0000000E+00  0.9974223E+00
       830      2  0.3171816E-01  0.0000000E+00  0.9994969E+00
       830      3  0.1341965E+00  0.0000000E+00  0.9909547E+00
       830      4  0.4197180E+00  0.0000000E+00  0.9076546E+00

       840      0  0.0000000E+00  0.0000000E+00  0.0000000E+00
       840      1 -0.7261794E-01  0.0000000E+00  0.9973598E+00
       840      2  0.3210137E-01  0.0000000E+00  0.9994846E+00
       840      3  0.1357856E+00  0.0000000E+00  0.9907382E+00
       840      4  0.4241028E+00  0.0000000E+00  0.9056141E+00

       850      0  0.0000000E+00  0.0000000E+00  0.0000000E+00
       850      1 -0.7348089E-01  0.0000000E+00  0.9972966E+00
       850      2  0.3248474E-01  0.0000000E+00  0.9994722E+00
       850      3  0.1373732E+00  0.0000000E+00  0.9905194E+00
       850      4  0.4284643E+00  0.0000000E+00  0.9035587E+00

       860      0  0.0000000E+00  0.0000000E+00  0.0000000E+00
       860      1 -0.7434379E-01  0.0000000E+00  0.9972327E+00
       860      2  0.3286816E-01  0.0000000E+00  0.9994597E+00
       860      3  0.1389597E+00  0.0000000E+00  0.9902980E+00
       860      4  0.4328023E+00  0.0000000E+00  0.9014889E+00

       870      0  0.0000000E+00  0.0000000E+00  0.0000000E+00
       870      1 -0.7520662E-01  0.0000000E+00  0.9971680E+00
       870      2  0.3325136E-01  0.0000000E+00  0.9994470E+00
       870      3  0.1405454E+00  0.0000000E+00  0.9900742E+00
       870      4  0.4371159E+00  0.0000000E+00  0.8994052E+00

       880      0  0.0000000E+00  0.0000000E+00  0.0000000E+00
       880      1 -0.7606941E-01  0.0000000E+00  0.9971025E+00
       880      2  0.3363429E-01  0.0000000E+00  0.9994342E+00
       880      3  0.1421297E+00  0.0000000E+00  0.9898480E+00
       880      4  0.4414044E+00  0.0000000E+00  0.8973083E+00

       890      0  0.0000000E+00  0.0000000E+00  0.0000000E+00
       890      1 -0.7693213E-01  0.0000000E+00  0.9970363E+00
       890      2  0.3401713E-01  0.0000000E+00  0.9994212E+00
       890      3  0.1437123E+00  0.0000000E+00  0.9896195E+00
       890      4  0.4456676E+00  0.0000000E+00  0.8951985E+00

       900      0  0.0000000E+00  0.0000000E+00  0.0000000E+00
       900      1 -0.7779480E-01  0.0000000E+00  0.9969694E+00
       900      2  0.3440011E-01  0.0000000E+00  0.9994081E+00
       900      3  0.1452932E+00  0.0000000E+00  0.9893886E+00
       900      4  0.4499056E+00  0.0000000E+00  0.8930761E+00

       910      0  0.0000000E+00  0.0000000E+00  0.0000000E+00
       910      1 -0.7865741E-01  0.0000000E+00  0.9969017E+00
       910      2  0.3478315E-01  0.0000000E+00  0.9993949E+00
       910      3  0.1468726E+00  0.0000000E+00  0.9891554E+00
       910      4  0.4541190E+00  0.0000000E+00  0.8909410E+00

       920      0  0.0000000E+00  0.0000000E+00  0.0000000E+00
       920      1 -0.7951996E-01  0.0000000E+00  0.9968333E+00
       920      2  0.3516602E-01  0.0000000E+00  0.9993815E+00
       920      3  0.1484510E+00  0.0000000E+00  0.9889198E+00
       920      4  0.4583079E+00  0.0000000E+00  0.8887935E+00

       930      0  0.0000000E+00  0.0000000E+00  0.0000000E+00
       930      1 -0.8038245E-01  0.0000000E+00  0.9967641E+00
       930      2  0.3554858E-01  0.0000000E+00  0.9993679E+00
       930      3  0.1500283E+00  0.0000000E+00  0.9886817E+00
       930      4  0.4624722E+00  0.0000000E+00  0.8866338E+00

       940      0  0.0000000E+00  0.0000000E+00  0.0000000E+00
       940      1 -0.8124488E-01  0.0000000E+00  0.9966942E+00
       940      2  0.3593100E-01  0.0000000E+00  0.9993543E+00
       940      3  0.1516039E+00  0.0000000E+00  0.9884413E+00
       940      4  0.4666112E+00  0.0000000E+00  0.8844625E+00

       950      0  0.0000000E+00  0.0000000E+00  0.0000000E+00
       950      1 -0.8210725E-01  0.0000000E+00  0.9966235E+00
       950      2  0.3631350E-01  0.0000000E+00  0.9993404E+00
       950      3  0.1531777E+00  0.0000000E+00  0.9881987E+00
       950      4  0.4707242E+00  0.0000000E+00  0.8822804E+00

       960      0  0.0000000E+00  0.0000000E+00  0.0000000E+00
       960      1 -0.8296956E-01  0.0000000E+00  0.9965521E+00
       960      2  0.3669610E-01  0.0000000E+00  0.9993265E+00
       960      3  0.1547497E+00  0.0000000E+00  0.9879537E+00
       960      4  0.4748109E+00  0.0000000E+00  0.8800878E+00

       970      0  0.0000000E+00  0.0000000E+00  0.0000000E+00
       970      1 -0.8383181E-01  0.0000000E+00  0.9964799E+00
       970      2  0.3707855E-01  0.0000000E+00  0.9993124E+00
       970      3  0.1563203E+00  0.0000000E+00  0.9877064E+00
       970      4  0.4788715E+00  0.0000000E+00  0.8778850E+00

       980      0  0.0000000E+00  0.0000000E+00  0.0000000E+00
       980      1 -0.8469399E-01  0.0000000E+00  0.9964070E+00
       980      2  0.3746068E-01  0.0000000E+00  0.9992981E+00
       980      3  0.1578898E+00  0.0000000E+00  0.9874567E+00
       980      4  0.4829064E+00  0.0000000E+00  0.8756720E+00

       990      0  0.0000000E+00  0.0000000E+00  0.0000000E+00
       990      1 -0.8555611E-01  0.0000000E+00  0.9963334E+00
       990      2  0.3784260E-01  0.0000000E+00  0.9992837E+00
       990      3  0.1594578E+00  0.0000000E+00  0.9872047E+00
       990      4  0.4869160E+00  0.0000000E+00  0.8734488E+00

      1000      0  0.0000000E+00  0.0000000E+00  0.0000000E+00
      1000      1 -0.8641817E-01  0.0000000E+00  0.9962590E+00
      1000      2  0.3822456E-01  0.0000000E+00  0.9992692E+00
      1000      3  0.1610240E+00  0.0000000E+00  0.9869505E+00
      1000      4  0.4909003E+00  0.0000000E+00  0.8712158E+00
