# number of spin vectors:       5
# iteration vector   S_X            S_Y            S_Z
         0      0  0.0000000E+00  0.0000000E+00  0.0000000E+00
         0      1  0.0000000E+00  0.0000000E+00  0.1000000E+01
         0      2  0.0000000E+00  0.0000000E+00  0.1000000E+01
         0      3  0.0000000E+00  0.0000000E+00  0.1000000E+01
         0      4  0.0000000E+00  0.0000000E+00  0.1000000E+01

        10      0  0.0000000E+00  0.0000000E+00  0.0000000E+00
        10      1 -0.8730181E-03  0.0000000E+00  0.9999996E+00
        10      2 -0.8748084E-03 -0.3695246E-04  0.9999996E+00
        10      3 -0.8801800E-03 -0.7437596E-04  0.9999996E+00
        10      4 -0.8891339E-03 -0.1127414E-03  0.9999996E+00

        20      0  0.0000000E+00  0.0000000E+00  0.0000000E+00
        20      1 -0.1746035E-02  0.0000000E+00  0.9999985E+00
        20      2 -0.1749689E-02 -0.7346183E-04  0.9999985E+00
        20      3 -0.1760650E-02 -0.1478492E-03  0.9999984E+00
        20      4 -0.1778921E-02 -0.2240865E-03  0.9999984E+00

        30      0  0.0000000E+00  0.0000000E+00  0.0000000E+00
        30      1 -0.2619052E-02  0.0000000E+00  0.9999966E+00
        30      2 -0.2624594E-02 -0.1090977E-03  0.9999965E+00
        30      3 -0.2641222E-02 -0.2195415E-03  0.9999965E+00
        30      4 -0.2668941E-02 -0.3326745E-03  0.9999964E+00

        40      0  0.0000000E+00  0.0000000E+00  0.0000000E+00
        40      1 -0.3492066E-02  0.0000000E+00  0.9999939E+00
        40      2 -0.3499243E-02 -0.1434401E-03  0.9999939E+00
        40      3 -0.3520778E-02 -0.2885979E-03  0.9999938E+00
        40      4 -0.3556677E-02 -0.4371838E-03  0.9999936E+00

        50      0  0.0000000E+00  0.0000000E+00  0.0000000E+00
        50      1 -0.4365077E-02  0.0000000E+00  0.9999905E+00
        50      2 -0.4374059E-02 -0.1760843E-03  0.9999904E+00
        50      3 -0.4401008E-02 -0.3541941E-03  0.9999903E+00
        50      4 -0.4445930E-02 -0.5363405E-03  0.9999900E+00

        60      0  0.0000000E+00  0.0000000E+00  0.0000000E+00
        60      1 -0.5238085E-02  0.0000000E+00  0.9999863E+00
        60      2 -0.5248747E-02 -0.2066457E-03  0.9999862E+00
        60      3 -0.5280736E-02 -0.4155466E-03  0.9999860E+00
        60      4 -0.5334062E-02 -0.6289340E-03  0.9999856E+00

        70      0  0.0000000E+00  0.0000000E+00  0.0000000E+00
        70      1 -0.6111089E-02  0.0000000E+00  0.9999813E+00
        70      2 -0.6123279E-02 -0.2347642E-03  0.9999812E+00
        70      3 -0.6159851E-02 -0.4719241E-03  0.9999809E+00
        70      4 -0.6220814E-02 -0.7138380E-03  0.9999804E+00

        80      0  0.0000000E+00  0.0000000E+00  0.0000000E+00
        80      1 -0.6984089E-02  0.0000000E+00  0.9999756E+00
        80      2 -0.6997983E-02 -0.2601087E-03  0.9999755E+00
        80      3 -0.7039668E-02 -0.5226537E-03  0.9999751E+00
        80      4 -0.7109152E-02 -0.7900177E-03  0.9999744E+00

        90      0  0.0000000E+00  0.0000000E+00  0.0000000E+00
        90      1 -0.7857083E-02  0.0000000E+00  0.9999691E+00
        90      2 -0.7872439E-02 -0.2823806E-03  0.9999690E+00
        90      3 -0.7918510E-02 -0.5671302E-03  0.9999685E+00
        90      4 -0.7995308E-02 -0.8565440E-03  0.9999677E+00

       100      0  0.0000000E+00  0.0000000E+00  0.0000000E+00
       100      1 -0.8730071E-02  0.0000000E+00  0.9999619E+00
       100      2 -0.8746882E-02 -0.3013177E-03  0.9999617E+00
       100      3 -0.8797319E-02 -0.6048236E-03  0.9999611E+00
       100      4 -0.8881385E-02 -0.9126083E-03  0.9999601E+00

       110      0  0.0000000E+00  0.0000000E+00  0.0000000E+00
       110      1 -0.9603052E-02  0.0000000E+00  0.9999539E+00
       110      2 -0.9621412E-02 -0.3166973E-03  0.9999537E+00
       110      3 -0.9676491E-02 -0.6352847E-03  0.9999530E+00
       110      4 -0.9768296E-02 -0.9575287E-03  0.9999518E+00

       120      0  0.0000000E+00  0.0000000E+00  0.0000000E+00
       120      1 -0.1047603E-01  0.0000000E+00  0.9999451E+00
       120      2 -0.1049566E-01 -0.3283382E-03  0.9999449E+00
       120      3 -0.1055454E-01 -0.6581502E-03  0.9999441E+00
       120      4 -0.1065270E-01 -0.9907574E-03  0.9999428E+00

       130      0  0.0000000E+00  0.0000000E+00  0.0000000E+00
       130      1 -0.1134899E-01  0.0000000E+00  0.9999356E+00
       130      2 -0.1137001E-01 -0.3361039E-03  0.9999353E+00
       130      3 -0.1143308E-01 -0.6731488E-03  0.9999344E+00
       130      4 -0.1153818E-01 -0.1011893E-02  0.9999329E+00

       140      0  0.0000000E+00  0.0000000E+00  0.0000000E+00
       140      1 -0.1222195E-01  0.0000000E+00  0.9999253E+00
       140      2 -0.1224432E-01 -0.3399032E-03  0.9999250E+00
       140      3 -0.1231142E-01 -0.6801022E-03  0.9999240E+00
       140      4 -0.1242324E-01 -0.1020679E-02  0.9999223E+00

       150      0  0.0000000E+00  0.0000000E+00  0.0000000E+00
       150      1 -0.1309490E-01  0.0000000E+00  0.9999143E+00
       150      2 -0.1311839E-01 -0.3396916E-03  0.9999139E+00
       150      3 -0.1318887E-01 -0.6789280E-03  0.9999128E+00
       150      4 -0.1330633E-01 -0.1017009E-02  0.9999109E+00

       160      0  0.0000000E+00  0.0000000E+00  0.0000000E+00
       160      1 -0.1396784E-01  0.0000000E+00  0.9999024E+00
       160      2 -0.1399264E-01 -0.3354724E-03  0.9999020E+00
       160      3 -0.1406706E-01 -0.6696421E-03  0.9999008E+00
       160      4 -0.1419106E-01 -0.1000932E-02  0.9998988E+00

       170      0  0.0000000E+00  0.0000000E+00  0.0000000E+00
       170      1 -0.1484076E-01  0.0000000E+00  0.9998899E+00
       170      2 -0.1486669E-01 -0.3272956E-03  0.9998894E+00
       170      3 -0.1494448E-01 -0.6523563E-03  0.9998881E+00
       170      4 -0.1507411E-01 -0.9726452E-03  0.9998859E+00

       180      0  0.0000000E+00  0.0000000E+00  0.0000000E+00
       180      1 -0.1571368E-01  0.0000000E+00  0.9998765E+00
       180      2 -0.1574065E-01 -0.3152580E-03  0.9998761E+00
       180      3 -0.1582156E-01 -0.6272773E-03  0.9998746E+00
       180      4 -0.1595638E-01 -0.9324940E-03  0.9998723E+00

       190      0  0.0000000E+00  0.0000000E+00  0.0000000E+00
       190      1 -0.1658658E-01  0.0000000E+00  0.9998624E+00
       190      2 -0.1661475E-01 -0.2995022E-03  0.9998619E+00
       190      3 -0.1669922E-01 -0.5947070E-03  0.9998604E+00
       190      4 -0.1684000E-01 -0.8809742E-03  0.9998578E+00

       200      0  0.0000000E+00  0.0000000E+00  0.0000000E+00
       200      1 -0.1745948E-01  0.0000000E+00  0.9998476E+00
       200      2 -0.1748856E-01 -0.2802142E-03  0.9998470E+00
       200      3 -0.1757581E-01 -0.5550344E-03  0.9998454E+00
       200      4 -0.1772122E-01 -0.8187121E-03  0.9998426E+00

       210      0  0.0000000E+00  0.0000000E+00  0.0000000E+00
       210      1 -0.1833235E-01  0.0000000E+00  0.9998319E+00
       210      2 -0.1836243E-01 -0.2576218E-03  0.9998314E+00
       210      3 -0.1845265E-01 -0.5087339E-03  0.9998296E+00
       210      4 -0.1860301E-01 -0.7464690E-03  0.9998267E+00

       220      0  0.0000000E+00  0.0000000E+00  0.0000000E+00
       220      1 -0.1920522E-01  0.0000000E+00  0.9998156E+00
       220      2 -0.1923632E-01 -0.2319920E-03  0.9998149E+00
       220      3 -0.1932963E-01 -0.4563606E-03  0.9998131E+00
       220      4 -0.1948514E-01 -0.6651309E-03  0.9998099E+00

       230      0  0.0000000E+00  0.0000000E+00  0.0000000E+00
       230      1 -0.2007807E-01  0.0000000E+00  0.9997984E+00
       230      2 -0.2010995E-01 -0.2036269E-03  0.9997978E+00
       230      3 -0.2020558E-01 -0.3985389E-03  0.9997958E+00
       230      4 -0.2036497E-01 -0.5756858E-03  0.9997924E+00

       240      0  0.0000000E+00  0.0000000E+00  0.0000000E+00
       240      1 -0.2095090E-01  0.0000000E+00  0.9997805E+00
       240      2 -0.2098373E-01 -0.1728615E-03  0.9997798E+00
       240      3 -0.2108220E-01 -0.3359607E-03  0.9997777E+00
       240      4 -0.2124633E-01 -0.4792284E-03  0.9997742E+00

       250      0  0.0000000E+00  0.0000000E+00  0.0000000E+00
       250      1 -0.2182372E-01  0.0000000E+00  0.9997618E+00
       250      2 -0.2185739E-01 -0.1400587E-03  0.9997611E+00
       250      3 -0.2195838E-01 -0.2693741E-03  0.9997588E+00
       250      4 -0.2212672E-01 -0.3769366E-03  0.9997551E+00

       260      0  0.0000000E+00  0.0000000E+00  0.0000000E+00
       260      1 -0.2269652E-01  0.0000000E+00  0.9997424E+00
       260      2 -0.2273087E-01 -0.1056052E-03  0.9997416E+00
       260      3 -0.2283392E-01 -0.1995731E-03  0.9997393E+00
       260      4 -0.2300570E-01 -0.2700535E-03  0.9997353E+00

       270      0  0.0000000E+00  0.0000000E+00  0.0000000E+00
       270      1 -0.2356931E-01  0.0000000E+00  0.9997222E+00
       270      2 -0.2360453E-01 -0.6990765E-04  0.9997214E+00
       270      3 -0.2371021E-01 -0.1273927E-03  0.9997189E+00
       270      4 -0.2388637E-01 -0.1598868E-03  0.9997147E+00

       280      0  0.0000000E+00  0.0000000E+00  0.0000000E+00
       280      1 -0.2444207E-01  0.0000000E+00  0.9997012E+00
       280      2 -0.2447794E-01 -0.3338678E-04  0.9997004E+00
       280      3 -0.2458557E-01 -0.5369422E-04  0.9996977E+00
       280      4 -0.2476500E-01 -0.4777786E-04  0.9996933E+00

       290      0  0.0000000E+00  0.0000000E+00  0.0000000E+00
       290      1 -0.2531482E-01  0.0000000E+00  0.9996795E+00
       290      2 -0.2535134E-01  0.3526868E-05  0.9996786E+00
       290      3 -0.2546088E-01  0.2064324E-04  0.9996758E+00
       290      4 -0.2564354E-01  0.6490952E-04  0.9996711E+00

       300      0  0.0000000E+00  0.0000000E+00  0.0000000E+00
       300      1 -0.2618755E-01  0.0000000E+00  0.9996570E+00
       300      2 -0.2622482E-01  0.4039803E-04  0.9996561E+00
       300      3 -0.2633663E-01  0.9473127E-04  0.9996531E+00
       300      4 -0.2652308E-01  0.1767987E-03  0.9996482E+00

       310      0  0.0000000E+00  0.0000000E+00  0.0000000E+00
       310      1 -0.2706026E-01  0.0000000E+00  0.9996338E+00
       310      2 -0.2709801E-01  0.7679224E-04  0.9996328E+00
       310      3 -0.2721128E-01  0.1676867E-03  0.9996297E+00
       310      4 -0.2740018E-01  0.2865299E-03  0.9996245E+00

       320      0  0.0000000E+00  0.0000000E+00  0.0000000E+00
       320      1 -0.2793295E-01  0.0000000E+00  0.9996098E+00
       320      2 -0.2797131E-01  0.1122806E-03  0.9996087E+00
       320      3 -0.2808642E-01  0.2386392E-03  0.9996055E+00
       320      4 -0.2827838E-01  0.3927673E-03  0.9996000E+00

       330      0  0.0000000E+00  0.0000000E+00  0.0000000E+00
       330      1 -0.2880561E-01  0.0000000E+00  0.9995850E+00
       330      2 -0.2884456E-01  0.1464450E-03  0.9995839E+00
       330      3 -0.2896142E-01  0.3067418E-03  0.9995805E+00
       330      4 -0.2915632E-01  0.4942158E-03  0.9995747E+00

       340      0  0.0000000E+00  0.0000000E+00  0.0000000E+00
       340      1 -0.2967826E-01  0.0000000E+00  0.9995595E+00
       340      2 -0.2971757E-01  0.1788829E-03  0.9995583E+00
       340      3 -0.2983553E-01  0.3711833E-03  0.9995548E+00
       340      4 -0.3003229E-01  0.5896437E-03  0.9995488E+00

       350      0  0.0000000E+00  0.0000000E+00  0.0000000E+00
       350      1 -0.3055088E-01  0.0000000E+00  0.9995332E+00
       350      2 -0.3059075E-01  0.2092124E-03  0.9995320E+00
       350      3 -0.3071038E-01  0.4311952E-03  0.9995282E+00
       350      4 -0.3090993E-01  0.6778898E-03  0.9995219E+00

       360      0  0.0000000E+00  0.0000000E+00  0.0000000E+00
       360      1 -0.3142348E-01  0.0000000E+00  0.9995062E+00
       360      2 -0.3146373E-01  0.2370763E-03  0.9995049E+00
       360      3 -0.3158452E-01  0.4860621E-03  0.9995010E+00
       360      4 -0.3178601E-01  0.7578808E-03  0.9994944E+00

       370      0  0.0000000E+00  0.0000000E+00  0.0000000E+00
       370      1 -0.3229606E-01  0.0000000E+00  0.9994783E+00
       370      2 -0.3233660E-01  0.2621466E-03  0.9994770E+00
       370      3 -0.3245827E-01  0.5351309E-03  0.9994729E+00
       370      4 -0.3266122E-01  0.8286462E-03  0.9994661E+00

       380      0  0.0000000E+00  0.0000000E+00  0.0000000E+00
       380      1 -0.3316861E-01  0.0000000E+00  0.9994498E+00
       380      2 -0.3320960E-01  0.2841282E-03  0.9994484E+00
       380      3 -0.3333263E-01  0.5778173E-03  0.9994441E+00
       380      4 -0.3353785E-01  0.8893270E-03  0.9994371E+00

       390      0  0.0000000E+00  0.0000000E+00  0.0000000E+00
       390      1 -0.3404113E-01  0.0000000E+00  0.9994204E+00
       390      2 -0.3408232E-01  0.3027627E-03  0.9994190E+00
       390      3 -0.3420591E-01  0.6136131E-03  0.9994146E+00
       390      4 -0.3441209E-01  0.9391865E-03  0.9994073E+00

       400      0  0.0000000E+00  0.0000000E+00  0.0000000E+00
       400      1 -0.3491363E-01  0.0000000E+00  0.9993903E+00
       400      2 -0.3495507E-01  0.3178309E-03  0.9993888E+00
       400      3 -0.3507939E-01  0.6420929E-03  0.9993843E+00
       400      4 -0.3528679E-01  0.9776215E-03  0.9993767E+00

       410      0  0.0000000E+00  0.0000000E+00  0.0000000E+00
       410      1 -0.3578610E-01  0.0000000E+00  0.9993595E+00
       410      2 -0.3582783E-01  0.3291560E-03  0.9993579E+00
       410      3 -0.3595303E-01  0.6629188E-03  0.9993533E+00
       410      4 -0.3616190E-01  0.1004169E-02  0.9993454E+00

       420      0  0.0000000E+00  0.0000000E+00  0.0000000E+00
       420      1 -0.3665855E-01  0.0000000E+00  0.9993278E+00
       420      2 -0.3670031E-01  0.3366049E-03  0.9993263E+00
       420      3 -0.3682561E-01  0.6758435E-03  0.9993215E+00
       420      4 -0.3703464E-01  0.1018506E-02  0.9993135E+00

       430      0  0.0000000E+00  0.0000000E+00  0.0000000E+00
       430      1 -0.3753097E-01  0.0000000E+00  0.9992955E+00
       430      2 -0.3757292E-01  0.3400906E-03  0.9992938E+00
       430      3 -0.3769881E-01  0.6807150E-03  0.9992889E+00
       430      4 -0.3790881E-01  0.1020465E-02  0.9992807E+00

       440      0  0.0000000E+00  0.0000000E+00  0.0000000E+00
       440      1 -0.3840335E-01  0.0000000E+00  0.9992623E+00
       440      2 -0.3844540E-01  0.3395728E-03  0.9992606E+00
       440      3 -0.3857157E-01  0.6774771E-03  0.9992556E+00
       440      4 -0.3878206E-01  0.1010025E-02  0.9992472E+00

       450      0  0.0000000E+00  0.0000000E+00  0.0000000E+00
       450      1 -0.3927571E-01  0.0000000E+00  0.9992284E+00
       450      2 -0.3931769E-01  0.3350582E-03  0.9992267E+00
       450      3 -0.3944364E-01  0.6661695E-03  0.9992216E+00
       450      4 -0.3965378E-01  0.9873148E-03  0.9992130E+00

       460      0  0.0000000E+00  0.0000000E+00  0.0000000E+00
       460      1 -0.4014804E-01  0.0000000E+00  0.9991937E+00
       460      2 -0.4019014E-01  0.3266007E-03  0.9991920E+00
       460      3 -0.4031644E-01  0.6469298E-03  0.9991868E+00
       460      4 -0.4052717E-01  0.9526180E-03  0.9991780E+00

       470      0  0.0000000E+00  0.0000000E+00  0.0000000E+00
       470      1 -0.4102034E-01  0.0000000E+00  0.9991583E+00
       470      2 -0.4106233E-01  0.3143007E-03  0.9991565E+00
       470      3 -0.4118831E-01  0.6199889E-03  0.9991512E+00
       470      4 -0.4139854E-01  0.9063584E-03  0.9991423E+00

       480      0  0.0000000E+00  0.0000000E+00  0.0000000E+00
       480      1 -0.4189261E-01  0.0000000E+00  0.9991221E+00
       480      2 -0.4193447E-01  0.2983037E-03  0.9991203E+00
       480      3 -0.4206008E-01  0.5856692E-03  0.9991149E+00
       480      4 -0.4226971E-01  0.8491005E-03  0.9991059E+00

       490      0  0.0000000E+00  0.0000000E+00  0.0000000E+00
       490      1 -0.4276485E-01  0.0000000E+00  0.9990852E+00
       490      2 -0.4280670E-01  0.2787991E-03  0.9990833E+00
       490      3 -0.4293230E-01  0.5443832E-03  0.9990778E+00
       490      4 -0.4314192E-01  0.7815489E-03  0.9990686E+00

       500      0  0.0000000E+00  0.0000000E+00  0.0000000E+00
       500      1 -0.4363705E-01  0.0000000E+00  0.9990475E+00
       500      2 -0.4367863E-01  0.2560173E-03  0.9990456E+00
       500      3 -0.4380341E-01  0.4966233E-03  0.9990400E+00
       500      4 -0.4401171E-01  0.7045236E-03  0.9990308E+00

       510      0  0.0000000E+00  0.0000000E+00  0.0000000E+00
       510      1 -0.4450922E-01  0.0000000E+00  0.9990090E+00
       510      2 -0.4455065E-01  0.2302272E-03  0.9990071E+00
       510      3 -0.4467497E-01  0.4429610E-03  0.9990015E+00
       510      4 -0.4488255E-01  0.6189654E-03  0.9989921E+00

       520      0  0.0000000E+00  0.0000000E+00  0.0000000E+00
       520      1 -0.4538135E-01  0.0000000E+00  0.9989697E+00
       520      2 -0.4542262E-01  0.2017334E-03  0.9989678E+00
       520      3 -0.4554644E-01  0.3840383E-03  0.9989621E+00
       520      4 -0.4575324E-01  0.5259200E-03  0.9989526E+00

       530      0  0.0000000E+00  0.0000000E+00  0.0000000E+00
       530      1 -0.4625346E-01  0.0000000E+00  0.9989297E+00
       530      2 -0.4629433E-01  0.1708721E-03  0.9989278E+00
       530      3 -0.4641702E-01  0.3205573E-03  0.9989221E+00
       530      4 -0.4662195E-01  0.4265155E-03  0.9989125E+00

       540      0  0.0000000E+00  0.0000000E+00  0.0000000E+00
       540      1 -0.4712552E-01  0.0000000E+00  0.9988890E+00
       540      2 -0.4716621E-01  0.1380075E-03  0.9988870E+00
       540      3 -0.4728833E-01  0.2532773E-03  0.9988812E+00
       540      4 -0.4749239E-01  0.3219662E-03  0.9988715E+00

       550      0  0.0000000E+00  0.0000000E+00  0.0000000E+00
       550      1 -0.4799755E-01  0.0000000E+00  0.9988475E+00
       550      2 -0.4803789E-01  0.1035271E-03  0.9988455E+00
       550      3 -0.4815898E-01  0.1830009E-03  0.9988397E+00
       550      4 -0.4836138E-01  0.2135437E-03  0.9988299E+00

       560      0  0.0000000E+00  0.0000000E+00  0.0000000E+00
       560      1 -0.4886955E-01  0.0000000E+00  0.9988052E+00
       560      2 -0.4890945E-01  0.6783746E-04  0.9988032E+00
       560      3 -0.4902924E-01  0.1105656E-03  0.9987973E+00
       560      4 -0.4922951E-01  0.1025632E-03  0.9987875E+00

       570      0  0.0000000E+00  0.0000000E+00  0.0000000E+00
       570      1 -0.4974150E-01  0.0000000E+00  0.9987621E+00
       570      2 -0.4978114E-01  0.3135946E-04  0.9987601E+00
       570      3 -0.4990015E-01  0.3683655E-04  0.9987542E+00
       570      4 -0.5009917E-01 -0.9621717E-05  0.9987442E+00

       580      0  0.0000000E+00  0.0000000E+00  0.0000000E+00
       580      1 -0.5061342E-01  0.0000000E+00  0.9987183E+00
       580      2 -0.5065255E-01 -0.5477066E-05  0.9987163E+00
       580      3 -0.5077001E-01 -0.3730799E-04  0.9987104E+00
       580      4 -0.5096655E-01 -0.1216508E-03  0.9987004E+00

       590      0  0.0000000E+00  0.0000000E+00  0.0000000E+00
       590      1 -0.5148530E-01  0.0000000E+00  0.9986738E+00
       590      2 -0.5152397E-01 -0.4223804E-04  0.9986718E+00
       590      3 -0.5164008E-01 -0.1109845E-03  0.9986658E+00
       590      4 -0.5183440E-01 -0.2321643E-03  0.9986557E+00

       600      0  0.0000000E+00  0.0000000E+00  0.0000000E+00
       600      1 -0.5235714E-01  0.0000000E+00  0.9986284E+00
       600      2 -0.5239542E-01 -0.7849025E-04  0.9986264E+00
       600      3 -0.5251036E-01 -0.1833143E-03  0.9986204E+00
       600      4 -0.5270280E-01 -0.3398177E-03  0.9986102E+00

       610      0  0.0000000E+00  0.0000000E+00  0.0000000E+00
       610      1 -0.5322894E-01  0.0000000E+00  0.9985823E+00
       610      2 -0.5326657E-01 -0.1138068E-03  0.9985803E+00
       610      3 -0.5337959E-01 -0.2534368E-03  0.9985743E+00
       610      4 -0.5356887E-01 -0.4433082E-03  0.9985641E+00

       620      0  0.0000000E+00  0.0000000E+00  0.0000000E+00
       620      1 -0.5410070E-01  0.0000000E+00  0.9985355E+00
       620      2 -0.5413786E-01 -0.1477718E-03  0.9985335E+00
       620      3 -0.5424944E-01 -0.3205166E-03  0.9985274E+00
       620      4 -0.5443640E-01 -0.5413797E-03  0.9985171E+00

       630      0  0.0000000E+00  0.0000000E+00  0.0000000E+00
       630      1 -0.5497242E-01  0.0000000E+00  0.9984879E+00
       630      2 -0.5500901E-01 -0.1799852E-03  0.9984858E+00
       630      3 -0.5511891E-01 -0.3837553E-03  0.9984797E+00
       630      4 -0.5530312E-01 -0.6328431E-03  0.9984694E+00

       640      0  0.0000000E+00  0.0000000E+00  0.0000000E+00
       640      1 -0.5584410E-01  0.0000000E+00  0.9984395E+00
       640      2 -0.5587996E-01 -0.2100681E-03  0.9984375E+00
       640      3 -0.5598768E-01 -0.4424008E-03  0.9984314E+00
       640      4 -0.5616830E-01 -0.7165924E-03  0.9984211E+00

       650      0  0.0000000E+00  0.0000000E+00  0.0000000E+00
       650      1 -0.5671573E-01  0.0000000E+00  0.9983904E+00
       650      2 -0.5675106E-01 -0.2376664E-03  0.9983883E+00
       650      3 -0.5685717E-01 -0.4957555E-03  0.9983822E+00
       650      4 -0.5703516E-01 -0.7916132E-03  0.9983719E+00

       660      0  0.0000000E+00  0.0000000E+00  0.0000000E+00
       660      1 -0.5758732E-01  0.0000000E+00  0.9983405E+00
       660      2 -0.5762190E-01 -0.2624555E-03  0.9983384E+00
       660      3 -0.5772576E-01 -0.5431854E-03  0.9983323E+00
       660      4 -0.5790006E-01 -0.8569989E-03  0.9983220E+00

       670      0  0.0000000E+00  0.0000000E+00  0.0000000E+00
       670      1 -0.5845887E-01  0.0000000E+00  0.9982898E+00
       670      2 -0.5849267E-01 -0.2841440E-03  0.9982878E+00
       670      3 -0.5859421E-01 -0.5841271E-03  0.9982817E+00
       670      4 -0.5876467E-01 -0.9119599E-03  0.9982714E+00

       680      0  0.0000000E+00  0.0000000E+00  0.0000000E+00
       680      1 -0.5933037E-01  0.0000000E+00  0.9982384E+00
       680      2 -0.5936352E-01 -0.3024770E-03  0.9982364E+00
       680      3 -0.5946311E-01 -0.6180951E-03  0.9982303E+00
       680      4 -0.5963037E-01 -0.9558344E-03  0.9982201E+00

       690      0  0.0000000E+00  0.0000000E+00  0.0000000E+00
       690      1 -0.6020183E-01  0.0000000E+00  0.9981862E+00
       690      2 -0.6023406E-01 -0.3172393E-03  0.9981842E+00
       690      3 -0.6033089E-01 -0.6446865E-03  0.9981782E+00
       690      4 -0.6049361E-01 -0.9880934E-03  0.9981681E+00

       700      0  0.0000000E+00  0.0000000E+00  0.0000000E+00
       700      1 -0.6107324E-01  0.0000000E+00  0.9981333E+00
       700      2 -0.6110467E-01 -0.3282579E-03  0.9981313E+00
       700      3 -0.6119908E-01 -0.6635869E-03  0.9981254E+00
       700      4 -0.6135780E-01 -0.1008351E-02  0.9981153E+00

       710      0  0.0000000E+00  0.0000000E+00  0.0000000E+00
       710      1 -0.6194461E-01  0.0000000E+00  0.9980796E+00
       710      2 -0.6197521E-01 -0.3354036E-03  0.9980776E+00
       710      3 -0.6206718E-01 -0.6745738E-03  0.9980717E+00
       710      4 -0.6222187E-01 -0.1016368E-02  0.9980618E+00

       720      0  0.0000000E+00  0.0000000E+00  0.0000000E+00
       720      1 -0.6281593E-01  0.0000000E+00  0.9980251E+00
       720      2 -0.6284549E-01 -0.3385933E-03  0.9980232E+00
       720      3 -0.6293433E-01 -0.6775179E-03  0.9980174E+00
       720      4 -0.6308387E-01 -0.1012049E-02  0.9980077E+00

       730      0  0.0000000E+00  0.0000000E+00  0.0000000E+00
       730      1 -0.6368720E-01  0.0000000E+00  0.9979699E+00
       730      2 -0.6371591E-01 -0.3377901E-03  0.9979680E+00
       730      3 -0.6380219E-01 -0.6723873E-03  0.9979623E+00
       730      4 -0.6394752E-01 -0.9954539E-03  0.9979528E+00

       740      0  0.0000000E+00  0.0000000E+00  0.0000000E+00
       740      1 -0.6455842E-01  0.0000000E+00  0.9979139E+00
       740      2 -0.6458612E-01 -0.3330046E-03  0.9979121E+00
       740      3 -0.6466938E-01 -0.6592455E-03  0.9979065E+00
       740      4 -0.6480975E-01 -0.9667896E-03  0.9978972E+00

       750      0  0.0000000E+00  0.0000000E+00  0.0000000E+00
       750      1 -0.6542959E-01  0.0000000E+00  0.9978572E+00
       750      2 -0.6545618E-01 -0.3242939E-03  0.9978554E+00
       750      3 -0.6553612E-01 -0.6382506E-03  0.9978500E+00
       750      4 -0.6567101E-01 -0.9264049E-03  0.9978409E+00

       760      0  0.0000000E+00  0.0000000E+00  0.0000000E+00
       760      1 -0.6630071E-01  0.0000000E+00  0.9977997E+00
       760      2 -0.6632637E-01 -0.3117617E-03  0.9977979E+00
       760      3 -0.6640350E-01 -0.6096561E-03  0.9977927E+00
       760      4 -0.6653379E-01 -0.8747991E-03  0.9977838E+00

       770      0  0.0000000E+00  0.0000000E+00  0.0000000E+00
       770      1 -0.6717178E-01  0.0000000E+00  0.9977414E+00
       770      2 -0.6719625E-01 -0.2955562E-03  0.9977397E+00
       770      3 -0.6726983E-01 -0.5738039E-03  0.9977347E+00
       770      4 -0.6739429E-01 -0.8125988E-03  0.9977261E+00

       780      0  0.0000000E+00  0.0000000E+00  0.0000000E+00
       780      1 -0.6804280E-01  0.0000000E+00  0.9976824E+00
       780      2 -0.6806614E-01 -0.2758693E-03  0.9976808E+00
       780      3 -0.6813632E-01 -0.5311228E-03  0.9976759E+00
       780      4 -0.6825519E-01 -0.7405613E-03  0.9976676E+00

       790      0  0.0000000E+00  0.0000000E+00  0.0000000E+00
       790      1 -0.6891377E-01  0.0000000E+00  0.9976226E+00
       790      2 -0.6893604E-01 -0.2529338E-03  0.9976210E+00
       790      3 -0.6900303E-01 -0.4821242E-03  0.9976163E+00
       790      4 -0.6911670E-01 -0.6595678E-03  0.9976084E+00

       800      0  0.0000000E+00  0.0000000E+00  0.0000000E+00
       800      1 -0.6978469E-01  0.0000000E+00  0.9975621E+00
       800      2 -0.6980563E-01 -0.2270204E-03  0.9975606E+00
       800      3 -0.6986868E-01 -0.4273916E-03  0.9975561E+00
       800      4 -0.6997589E-01 -0.5705973E-03  0.9975485E+00

       810      0  0.0000000E+00  0.0000000E+00  0.0000000E+00
       810      1 -0.7065555E-01  0.0000000E+00  0.9975008E+00
       810      2 -0.7067534E-01 -0.1984352E-03  0.9974994E+00
       810      3 -0.7073495E-01 -0.3675790E-03  0.9974951E+00
       810      4 -0.7083654E-01 -0.4747334E-03  0.9974878E+00

       820      0  0.0000000E+00  0.0000000E+00  0.0000000E+00
       820      1 -0.7152636E-01  0.0000000E+00  0.9974387E+00
       820      2 -0.7154493E-01 -0.1675154E-03  0.9974374E+00
       820      3 -0.7160086E-01 -0.3034002E-03  0.9974333E+00
       820      4 -0.7169648E-01 -0.3731410E-03  0.9974264E+00

       830      0  0.0000000E+00  0.0000000E+00  0.0000000E+00
       830      1 -0.7239712E-01  0.0000000E+00  0.9973759E+00
       830      2 -0.7241429E-01 -0.1346255E-03  0.9973746E+00
       830      3 -0.7246607E-01 -0.2356187E-03  0.9973709E+00
       830      4 -0.7255488E-01 -0.2670471E-03  0.9973644E+00

       840      0  0.0000000E+00  0.0000000E+00  0.0000000E+00
       840      1 -0.7326782E-01  0.0000000E+00  0.9973123E+00
       840      2 -0.7328380E-01 -0.1001538E-03  0.9973111E+00
       840      3 -0.7333202E-01 -0.1650437E-03  0.9973076E+00
       840      4 -0.7341504E-01 -0.1577426E-03  0.9973015E+00

       850      0  0.0000000E+00  0.0000000E+00  0.0000000E+00
       850      1 -0.7413846E-01  0.0000000E+00  0.9972480E+00
       850      2 -0.7415305E-01 -0.6450626E-04  0.9972469E+00
       850      3 -0.7419711E-01 -0.9251485E-04  0.9972436E+00
       850      4 -0.7427334E-01 -0.4654921E-04  0.9972379E+00

       860      0  0.0000000E+00  0.0000000E+00  0.0000000E+00
       860      1 -0.7500905E-01  0.0000000E+00  0.9971829E+00
       860      2 -0.7502222E-01 -0.2810306E-04  0.9971819E+00
       860      3 -0.7506205E-01 -0.1889507E-04  0.9971789E+00
       860      4 -0.7513138E-01  0.6518923E-04  0.9971736E+00

       870      0  0.0000000E+00  0.0000000E+00  0.0000000E+00
       870      1 -0.7587958E-01  0.0000000E+00  0.9971170E+00
       870      2 -0.7589147E-01  0.8626782E-05  0.9971161E+00
       870      3 -0.7592749E-01  0.5493828E-04  0.9971133E+00
       870      4 -0.7599061E-01  0.1761168E-03  0.9971085E+00

       880      0  0.0000000E+00  0.0000000E+00  0.0000000E+00
       880      1 -0.7675005E-01  0.0000000E+00  0.9970504E+00
       880      2 -0.7676041E-01  0.4525081E-04  0.9970496E+00
       880      3 -0.7679184E-01  0.1281082E-03  0.9970471E+00
       880      4 -0.7684746E-01  0.2848962E-03  0.9970428E+00

       890      0  0.0000000E+00  0.0000000E+00  0.0000000E+00
       890      1 -0.7762046E-01  0.0000000E+00  0.9969830E+00
       890      2 -0.7762940E-01  0.8133772E-04  0.9969823E+00
       890      3 -0.7765660E-01  0.1997444E-03  0.9969801E+00
       890      4 -0.7770528E-01  0.3902123E-03  0.9969763E+00

       900      0  0.0000000E+00  0.0000000E+00  0.0000000E+00
       900      1 -0.7849082E-01  0.0000000E+00  0.9969148E+00
       900      2 -0.7849834E-01  0.1164626E-03  0.9969142E+00
       900      3 -0.7852131E-01  0.2689950E-03  0.9969124E+00
       900      4 -0.7856310E-01  0.4907922E-03  0.9969090E+00

       910      0  0.0000000E+00  0.0000000E+00  0.0000000E+00
       910      1 -0.7936111E-01  0.0000000E+00  0.9968459E+00
       910      2 -0.7936700E-01  0.1502123E-03  0.9968455E+00
       910      3 -0.7938508E-01  0.3350383E-03  0.9968440E+00
       910      4 -0.7941886E-01  0.5854249E-03  0.9968412E+00

       920      0  0.0000000E+00  0.0000000E+00  0.0000000E+00
       920      1 -0.8023135E-01  0.0000000E+00  0.9967763E+00
       920      2 -0.8023579E-01  0.1821897E-03  0.9967759E+00
       920      3 -0.8024957E-01  0.3970894E-03  0.9967747E+00
       920      4 -0.8027630E-01  0.6729678E-03  0.9967724E+00

       930      0  0.0000000E+00  0.0000000E+00  0.0000000E+00
       930      1 -0.8110152E-01  0.0000000E+00  0.9967058E+00
       930      2 -0.8110438E-01  0.2120186E-03  0.9967056E+00
       930      3 -0.8111341E-01  0.4544122E-03  0.9967048E+00
       930      4 -0.8113239E-01  0.7523674E-03  0.9967030E+00

       940      0  0.0000000E+00  0.0000000E+00  0.0000000E+00
       940      1 -0.8197163E-01  0.0000000E+00  0.9966347E+00
       940      2 -0.8197280E-01  0.2393484E-03  0.9966345E+00
       940      3 -0.8197678E-01  0.5063271E-03  0.9966341E+00
       940      4 -0.8198746E-01  0.8226683E-03  0.9966330E+00

       950      0  0.0000000E+00  0.0000000E+00  0.0000000E+00
       950      1 -0.8284168E-01  0.0000000E+00  0.9965627E+00
       950      2 -0.8284134E-01  0.2638581E-03  0.9965627E+00
       950      3 -0.8284080E-01  0.5522186E-03  0.9965626E+00
       950      4 -0.8284407E-01  0.8830259E-03  0.9965621E+00

       960      0  0.0000000E+00  0.0000000E+00  0.0000000E+00
       960      1 -0.8371167E-01  0.0000000E+00  0.9964900E+00
       960      2 -0.8370957E-01  0.2852597E-03  0.9964902E+00
       960      3 -0.8370377E-01  0.5915434E-03  0.9964905E+00
       960      4 -0.8369840E-01  0.9327162E-03  0.9964907E+00

       970      0  0.0000000E+00  0.0000000E+00  0.0000000E+00
       970      1 -0.8458159E-01  0.0000000E+00  0.9964166E+00
       970      2 -0.8457778E-01  0.3033021E-03  0.9964168E+00
       970      3 -0.8456684E-01  0.6238364E-03  0.9964176E+00
       970      4 -0.8455305E-01  0.9711436E-03  0.9964185E+00

       980      0  0.0000000E+00  0.0000000E+00  0.0000000E+00
       980      1 -0.8545144E-01  0.0000000E+00  0.9963423E+00
       980      2 -0.8544600E-01  0.3177738E-03  0.9963428E+00
       980      3 -0.8543015E-01  0.6487167E-03  0.9963440E+00
       980      4 -0.8540832E-01  0.9978519E-03  0.9963455E+00

       990      0  0.0000000E+00  0.0000000E+00  0.0000000E+00
       990      1 -0.8632124E-01  0.0000000E+00  0.9962674E+00
       990      2 -0.8631389E-01  0.3285053E-03  0.9962679E+00
       990      3 -0.8629237E-01  0.6658908E-03  0.9962696E+00
       990      4 -0.8626120E-01  0.1012522E-02  0.9962720E+00

      1000      0  0.0000000E+00  0.0000000E+00  0.0000000E+00
      1000      1 -0.8719096E-01  0.0000000E+00  0.9961916E+00
      1000      2 -0.8718188E-01  0.3353714E-03  0.9961924E+00
      1000      3 -0.8715515E-01  0.6751576E-03  0.9961945E+00
      1000      4 -0.8711545E-01  0.1014984E-02  0.9961977E+00
