 132.2100000000000 0.5840288332260013E-003 0.0000000000000000E+000  1.000000000000000 0.2341665750194011E-010
 132.2200000000000 0.5717005168057633E-003 0.0000000000000000E+000 0.9999999999999998 0.2267402932076834E-010
 132.2300000000000 0.5593722003285579E-003 0.0000000000000000E+000 0.9999999999999998 0.1825672946154100E-010
 132.2400000000000 0.5470438838332588E-003 0.0000000000000000E+000  1.000000000000000 0.4279226972769834E-010
 132.2499999999999 0.5347155673835476E-003 0.0000000000000000E+000  1.000000000000000 0.8015810237793630E-011
 132.2599999999999 0.5223872508772932E-003 0.0000000000000000E+000  1.000000000000000 0.5167444250275821E-010
 132.2699999999999 0.5100589344236948E-003 0.0000000000000000E+000 0.9999999999999998 0.1147232309151036E-010
 132.2799999999999 0.4977306179396336E-003 0.0000000000000000E+000  1.000000000000000 0.2858935310712241E-010
 132.2899999999999 0.4854023014730301E-003 0.0000000000000000E+000  1.000000000000000 0.7982503547054876E-011
 132.2999999999999 0.4730739850062147E-003 0.0000000000000000E+000 0.9999999999999998 -.1994615583811310E-010
 132.3099999999999 0.4607456685197504E-003 0.0000000000000000E+000 0.9999999999999998 0.5083655718607361E-011
 132.3199999999999 0.4484173520179488E-003 0.0000000000000000E+000  1.000000000000000 0.6759459658667311E-010
 132.3299999999999 0.4360890355317673E-003 0.0000000000000000E+000  1.000000000000000 0.8512435201168955E-010
 132.3399999999999 0.4237607190698993E-003 0.0000000000000000E+000 0.9999999999999998 0.4322869839867849E-010
 132.3499999999999 0.4114324026151700E-003 0.0000000000000000E+000  1.000000000000000 -.1414834915891561E-010
 132.3599999999998 0.3991040861206483E-003 0.0000000000000000E+000  1.000000000000000 0.3390376868139811E-010
 132.3699999999998 0.3867757696213205E-003 0.0000000000000000E+000  1.000000000000000 0.1077493649859207E-009
 132.3799999999998 0.3744474531875121E-003 0.0000000000000000E+000 0.9999999999999998 -.2148703437399035E-010
 132.3899999999998 0.3621191367132046E-003 0.0000000000000000E+000  1.000000000000000 -.1092770318678049E-010
 132.3999999999998 0.3497908202068796E-003 0.0000000000000000E+000  1.000000000000000 0.7214628894303132E-010
 132.4099999999998 0.3374625037121459E-003 0.0000000000000000E+000  1.000000000000000 0.1289451323494006E-009
 132.4199999999998 0.3251341872107684E-003 0.0000000000000000E+000 0.9999999999999998 0.1804516536196843E-009
 132.4299999999998 0.3128058707542720E-003 0.0000000000000000E+000  1.000000000000000 0.1301363461436722E-009
 132.4399999999998 0.3004775542912025E-003 0.0000000000000000E+000  1.000000000000000 0.8898265457801813E-010
 132.4499999999998 0.2881492378400071E-003 0.0000000000000000E+000  1.000000000000000 -.5802913705110768E-011
 132.4599999999998 0.2758209213417394E-003 0.0000000000000000E+000  1.000000000000000 0.1180626707508736E-009
 132.4699999999997 0.2634926048127971E-003 0.0000000000000000E+000  1.000000000000000 0.2573861124233190E-009
 132.4799999999997 0.2511642883630860E-003 0.0000000000000000E+000  1.000000000000000 0.1972302876573906E-009
 132.4899999999997 0.2388359718907575E-003 0.0000000000000000E+000  1.000000000000000 0.2045892344426647E-009
 132.4999999999997 0.2265076554217509E-003 0.0000000000000000E+000  1.000000000000000 0.1093125590045929E-009
 132.5099999999997 0.2141793389892148E-003 0.0000000000000000E+000  1.000000000000000 0.3848310559106949E-011
 132.5199999999997 0.2018510225237422E-003 0.0000000000000000E+000 0.9999999999999998 -.1266731164406565E-009
 132.5299999999997 0.1895227059986165E-003 0.0000000000000000E+000 0.9999999999999998 0.1376305180933457E-009
 132.5399999999997 0.1771943895080529E-003 0.0000000000000000E+000  1.000000000000000 0.1795932846881954E-009
 132.5499999999997 0.1648660730391877E-003 0.0000000000000000E+000  1.000000000000000 0.1775439795181910E-009
 132.5599999999997 0.1525377565765423E-003 0.0000000000000000E+000  1.000000000000000 0.1688340578454017E-009
 132.5699999999997 0.1402094401008213E-003 0.0000000000000000E+000  1.000000000000000 0.1744091537858594E-009
 132.5799999999996 0.1278811236749996E-003 0.0000000000000000E+000  1.000000000000000 -.1656581538611590E-009
 132.5899999999996 0.1155528070015894E-003 0.0000000000000000E+000  1.000000000000000 0.1341183830660952E-008
 132.5999999999996 0.1032244905149131E-003 0.0000000000000000E+000  1.000000000000000 0.1695017959324474E-008
 132.6099999999996 0.9089617402123962E-004 0.0000000000000000E+000  1.000000000000000 0.2066754989371589E-008
 132.6199999999996 0.7856785749448833E-004 0.0000000000000000E+000  1.000000000000000 0.2675874855029292E-008
 132.6299999999996 0.6623954106216420E-004 0.0000000000000000E+000  1.000000000000000 0.2598322945690512E-008
 132.6399999999996 0.5391122455569779E-004 0.0000000000000000E+000 0.9999999999999998 0.4372031403576671E-008
 132.6499999999996 0.4158290788249964E-004 0.0000000000000000E+000 0.9999999999999997 0.1113424608067959E-007
 132.6599999999996 0.2925459157032980E-004 0.0000000000000000E+000  1.000000000000000 0.7540831070684817E-008
 132.6699999999996 0.1692627437601543E-004 0.0000000000000000E+000 0.9999999999999983 0.5687562903977650E-007
 132.6799999999996 0.4597958896302759E-005 0.0000000000000000E+000  1.000000000000000 -.6279812780896066E-008
 132.6899999999995 0.7730357225811280E-005 0.0000000000000000E+000 -.9999999999999989 0.4956522198229507E-007
 132.6999999999995 0.2005867392883596E-004 0.0000000000000000E+000 -1.000000000000000 0.7368245957817265E-008
 132.7099999999995 0.3238699055736499E-004 0.0000000000000000E+000 -1.000000000000000 -.1096800872346648E-008
 132.7199999999995 0.4471530693229778E-004 0.0000000000000000E+000 -1.000000000000000 0.2774524221482721E-008
 132.7299999999995 0.5704362323054388E-004 0.0000000000000000E+000 -.9999999999999998 0.4483551307998823E-008
 132.7399999999995 0.6937193999300959E-004 0.0000000000000000E+000 -1.000000000000000 -.6169753596907412E-010
 132.7499999999995 0.8170025633543005E-004 0.0000000000000000E+000 -1.000000000000000 0.1866855781074150E-008
 132.7599999999995 0.9402857279680326E-004 0.0000000000000000E+000 -1.000000000000000 0.1530352289336179E-008
 132.7699999999995 0.1063568893509780E-003 0.0000000000000000E+000 -1.000000000000000 0.6777964856041763E-009
 132.7799999999995 0.1186852058899567E-003 0.0000000000000000E+000 -.9999999999999998 0.3067043841120665E-009
 132.7899999999995 0.1310135222621330E-003 0.0000000000000000E+000 -.9999999999999998 0.1029695217980020E-008
 132.7999999999994 0.1433418388405507E-003 0.0000000000000000E+000 -1.000000000000000 0.2300540313804333E-009
 132.8099999999994 0.1556701553034788E-003 0.0000000000000000E+000 -.9999999999999998 0.2469510707037159E-009
 132.8199999999994 0.1679984717597631E-003 0.0000000000000000E+000 -1.000000000000000 0.3675247328693843E-009
 132.8299999999994 0.1803267882273561E-003 0.0000000000000000E+000 -1.000000000000000 0.3549160965121700E-009
 132.8399999999994 0.1926551047791984E-003 0.0000000000000000E+000 -1.000000000000000 -.9155110003433720E-010
 132.8499999999994 0.2049834211973867E-003 0.0000000000000000E+000 -.9999999999999998 0.1902964452682454E-009
 132.8599999999994 0.2173117376769244E-003 0.0000000000000000E+000 -1.000000000000000 0.1812805461298694E-009
 132.8699999999994 0.2296400541758989E-003 0.0000000000000000E+000 -1.000000000000000 0.9727602057196805E-010
 132.8799999999994 0.2419683706619390E-003 0.0000000000000000E+000 -1.000000000000000 0.6298456201037084E-010
 132.8899999999994 0.2542966871098833E-003 0.0000000000000000E+000 -1.000000000000000 0.1435596641563563E-009
 132.8999999999994 0.2666250036265274E-003 0.0000000000000000E+000 -1.000000000000000 -.2863331793889756E-010
 132.9099999999993 0.2789533200991386E-003 0.0000000000000000E+000 -1.000000000000000 0.1338174016041194E-010
 132.9199999999993 0.2912816365892075E-003 0.0000000000000000E+000 -.9999999999999998 -.1926503401250557E-010
 132.9299999999993 0.3036099530748942E-003 0.0000000000000000E+000 -1.000000000000000 -.3331257492078521E-010
 132.9399999999993 0.3159382695029776E-003 0.0000000000000000E+000 -1.000000000000000 0.8572015319785464E-010
 132.9499999999993 0.3282665860001851E-003 0.0000000000000000E+000 -1.000000000000000 0.4294098410184688E-010
 132.9599999999993 0.3405949024773197E-003 0.0000000000000000E+000 -1.000000000000000 0.5469008579339629E-010
 132.9699999999993 0.3529232189541716E-003 0.0000000000000000E+000 -1.000000000000000 0.4692518595916795E-010
 132.9799999999993 0.3652515354173825E-003 0.0000000000000000E+000 -1.000000000000000 0.8388251204749508E-010
 132.9899999999993 0.3775798518859649E-003 0.0000000000000000E+000 -1.000000000000000 0.8926370753670199E-010
 132.9999999999993 0.3899081683770233E-003 0.0000000000000000E+000 -1.000000000000000 0.7298184279136422E-010
 133.0099999999993 0.4022364848501293E-003 0.0000000000000000E+000 -.9999999999999998 0.7241046651174088E-010
 133.0199999999992 0.4145648013246487E-003 0.0000000000000000E+000 -1.000000000000000 0.7738565344084236E-010
 133.0299999999992 0.4268931178444028E-003 0.0000000000000000E+000 -.9999999999999998 -.1694533402485376E-010
 133.0399999999992 0.4392214342953862E-003 0.0000000000000000E+000 -1.000000000000000 0.2394157094798288E-010
 133.0499999999992 0.4515497507754893E-003 0.0000000000000000E+000 -.9999999999999998 0.2120720266063358E-010
 133.0599999999992 0.4638780672518465E-003 0.0000000000000000E+000 -1.000000000000000 0.3761235767285598E-010
 133.0699999999992 0.4762063837424808E-003 0.0000000000000000E+000 -1.000000000000000 -.4709677092762377E-011
 133.0799999999992 0.4885347002179191E-003 0.0000000000000000E+000 -.9999999999999998 -.6913747352399469E-011
 133.0899999999992 0.5008630166747689E-003 0.0000000000000000E+000 -1.000000000000000 0.3993294583892748E-010
 133.0999999999992 0.5131913331760757E-003 0.0000000000000000E+000 -1.000000000000000 -.1028244156486835E-010
 133.1099999999992 0.5255196496293208E-003 0.0000000000000000E+000 -1.000000000000000 0.4598771363717447E-010
 133.1199999999992 0.5378479661395332E-003 0.0000000000000000E+000 -1.000000000000000 -.1596367482648020E-010
 133.1299999999991 0.5501762825980086E-003 0.0000000000000000E+000 -.9999999999999998 0.4904965322793942E-011
 133.1399999999991 0.5625045990660256E-003 0.0000000000000000E+000 -1.000000000000000 0.2476069349555132E-010
 133.1499999999991 0.5748329155216738E-003 0.0000000000000000E+000 -1.000000000000000 0.5469336095131894E-010
 133.1599999999991 0.5871612320029079E-003 0.0000000000000000E+000 -1.000000000000000 0.5331268759789509E-010
 133.1699999999991 0.5994895484884533E-003 0.0000000000000000E+000 -1.000000000000000 0.4541506060107281E-010
 133.1799999999991 0.6118178649592974E-003 0.0000000000000000E+000 -.9999999999999998 0.5018357951414032E-010
 133.1899999999991 0.6241461814521935E-003 0.0000000000000000E+000 -1.000000000000000 0.2271655086261148E-010
 133.1999999999991 0.6364744979308124E-003 0.0000000000000000E+000 -.9999999999999998 0.2083105909989058E-010
 133.2099999999991 0.6488028144139547E-003 0.0000000000000000E+000 -1.000000000000000 0.1119748738176440E-010
