# number of spin vectors:       5
# iteration vector   S_X            S_Y            S_Z
         0      0  0.0000000E+00  0.0000000E+00  0.0000000E+00
         0      1  0.0000000E+00  0.0000000E+00  0.1000000E+01
         0      2  0.0000000E+00  0.0000000E+00  0.1000000E+01
         0      3  0.0000000E+00  0.0000000E+00  0.1000000E+01
         0      4  0.0000000E+00  0.0000000E+00  0.1000000E+01

        10      0  0.0000000E+00  0.0000000E+00  0.0000000E+00
        10      1 -0.8730181E-03  0.0000000E+00  0.9999996E+00
        10      2 -0.5675190E-03  0.0000000E+00  0.9999998E+00
        10      3 -0.2646773E-03  0.0000000E+00  0.1000000E+01
        10      4  0.6309849E-03  0.0000000E+00  0.9999998E+00

        20      0  0.0000000E+00  0.0000000E+00  0.0000000E+00
        20      1 -0.1746035E-02  0.0000000E+00  0.9999985E+00
        20      2 -0.2163359E-02  0.0000000E+00  0.9999977E+00
        20      3 -0.2587417E-02  0.0000000E+00  0.9999967E+00
        20      4 -0.3899114E-02  0.0000000E+00  0.9999924E+00

        30      0  0.0000000E+00  0.0000000E+00  0.0000000E+00
        30      1 -0.2619052E-02  0.0000000E+00  0.9999966E+00
        30      2 -0.2370323E-02  0.0000000E+00  0.9999972E+00
        30      3 -0.2131948E-02  0.0000000E+00  0.9999977E+00
        30      4 -0.1490348E-02  0.0000000E+00  0.9999989E+00

        40      0  0.0000000E+00  0.0000000E+00  0.0000000E+00
        40      1 -0.3492066E-02  0.0000000E+00  0.9999939E+00
        40      2 -0.3425382E-02  0.0000000E+00  0.9999941E+00
        40      3 -0.3368483E-02  0.0000000E+00  0.9999943E+00
        40      4 -0.3238335E-02  0.0000000E+00  0.9999948E+00

        50      0  0.0000000E+00  0.0000000E+00  0.0000000E+00
        50      1 -0.4365077E-02  0.0000000E+00  0.9999905E+00
        50      2 -0.4723513E-02  0.0000000E+00  0.9999888E+00
        50      3 -0.5099384E-02  0.0000000E+00  0.9999870E+00
        50      4 -0.6344170E-02  0.0000000E+00  0.9999799E+00

        60      0  0.0000000E+00  0.0000000E+00  0.0000000E+00
        60      1 -0.5238085E-02  0.0000000E+00  0.9999863E+00
        60      2 -0.4845389E-02  0.0000000E+00  0.9999883E+00
        60      3 -0.4471929E-02  0.0000000E+00  0.9999900E+00
        60      4 -0.3475133E-02  0.0000000E+00  0.9999940E+00

        70      0  0.0000000E+00  0.0000000E+00  0.0000000E+00
        70      1 -0.6111089E-02  0.0000000E+00  0.9999813E+00
        70      2 -0.6313252E-02  0.0000000E+00  0.9999801E+00
        70      3 -0.6533070E-02  0.0000000E+00  0.9999787E+00
        70      4 -0.7268923E-02  0.0000000E+00  0.9999736E+00

        80      0  0.0000000E+00  0.0000000E+00  0.0000000E+00
        80      1 -0.6984089E-02  0.0000000E+00  0.9999756E+00
        80      2 -0.7137969E-02  0.0000000E+00  0.9999745E+00
        80      3 -0.7319831E-02  0.0000000E+00  0.9999732E+00
        80      4 -0.8069013E-02  0.0000000E+00  0.9999674E+00

        90      0  0.0000000E+00  0.0000000E+00  0.0000000E+00
        90      1 -0.7857083E-02  0.0000000E+00  0.9999691E+00
        90      2 -0.7486329E-02  0.0000000E+00  0.9999720E+00
        90      3 -0.7141063E-02  0.0000000E+00  0.9999745E+00
        90      4 -0.6244117E-02  0.0000000E+00  0.9999805E+00

       100      0  0.0000000E+00  0.0000000E+00  0.0000000E+00
       100      1 -0.8730071E-02  0.0000000E+00  0.9999619E+00
       100      2 -0.9121727E-02  0.0000000E+00  0.9999584E+00
       100      3 -0.9541293E-02  0.0000000E+00  0.9999545E+00
       100      4 -0.1094565E-01  0.0000000E+00  0.9999401E+00

       110      0  0.0000000E+00  0.0000000E+00  0.0000000E+00
       110      1 -0.9603052E-02  0.0000000E+00  0.9999539E+00
       110      2 -0.9493493E-02  0.0000000E+00  0.9999549E+00
       110      3 -0.9421311E-02  0.0000000E+00  0.9999556E+00
       110      4 -0.9479775E-02  0.0000000E+00  0.9999551E+00

       120      0  0.0000000E+00  0.0000000E+00  0.0000000E+00
       120      1 -0.1047603E-01  0.0000000E+00  0.9999451E+00
       120      2 -0.1028572E-01  0.0000000E+00  0.9999471E+00
       120      3 -0.1012538E-01  0.0000000E+00  0.9999487E+00
       120      4 -0.9777803E-02  0.0000000E+00  0.9999522E+00

       130      0  0.0000000E+00  0.0000000E+00  0.0000000E+00
       130      1 -0.1134899E-01  0.0000000E+00  0.9999356E+00
       130      2 -0.1177385E-01  0.0000000E+00  0.9999307E+00
       130      3 -0.1223879E-01  0.0000000E+00  0.9999251E+00
       130      4 -0.1388446E-01  0.0000000E+00  0.9999036E+00

       140      0  0.0000000E+00  0.0000000E+00  0.0000000E+00
       140      1 -0.1222195E-01  0.0000000E+00  0.9999253E+00
       140      2 -0.1190101E-01  0.0000000E+00  0.9999292E+00
       140      3 -0.1162452E-01  0.0000000E+00  0.9999324E+00
       140      4 -0.1110303E-01  0.0000000E+00  0.9999384E+00

       150      0  0.0000000E+00  0.0000000E+00  0.0000000E+00
       150      1 -0.1309490E-01  0.0000000E+00  0.9999143E+00
       150      2 -0.1317083E-01  0.0000000E+00  0.9999133E+00
       150      3 -0.1328222E-01  0.0000000E+00  0.9999118E+00
       150      4 -0.1375948E-01  0.0000000E+00  0.9999053E+00

       160      0  0.0000000E+00  0.0000000E+00  0.0000000E+00
       160      1 -0.1396784E-01  0.0000000E+00  0.9999024E+00
       160      2 -0.1425738E-01  0.0000000E+00  0.9998984E+00
       160      3 -0.1459917E-01  0.0000000E+00  0.9998934E+00
       160      4 -0.1599387E-01  0.0000000E+00  0.9998721E+00

       170      0  0.0000000E+00  0.0000000E+00  0.0000000E+00
       170      1 -0.1484076E-01  0.0000000E+00  0.9998899E+00
       170      2 -0.1444946E-01  0.0000000E+00  0.9998956E+00
       170      3 -0.1410647E-01  0.0000000E+00  0.9999005E+00
       170      4 -0.1337044E-01  0.0000000E+00  0.9999106E+00

       180      0  0.0000000E+00  0.0000000E+00  0.0000000E+00
       180      1 -0.1571368E-01  0.0000000E+00  0.9998765E+00
       180      2 -0.1603332E-01  0.0000000E+00  0.9998715E+00
       180      3 -0.1639753E-01  0.0000000E+00  0.9998656E+00
       180      4 -0.1769331E-01  0.0000000E+00  0.9998435E+00

       190      0  0.0000000E+00  0.0000000E+00  0.0000000E+00
       190      1 -0.1658658E-01  0.0000000E+00  0.9998624E+00
       190      2 -0.1663012E-01  0.0000000E+00  0.9998617E+00
       190      3 -0.1673607E-01  0.0000000E+00  0.9998599E+00
       190      4 -0.1751910E-01  0.0000000E+00  0.9998465E+00

       200      0  0.0000000E+00  0.0000000E+00  0.0000000E+00
       200      1 -0.1745948E-01  0.0000000E+00  0.9998476E+00
       200      2 -0.1716928E-01  0.0000000E+00  0.9998526E+00
       200      3 -0.1692884E-01  0.0000000E+00  0.9998567E+00
       200      4 -0.1645361E-01  0.0000000E+00  0.9998646E+00

       210      0  0.0000000E+00  0.0000000E+00  0.0000000E+00
       210      1 -0.1833235E-01  0.0000000E+00  0.9998319E+00
       210      2 -0.1877377E-01  0.0000000E+00  0.9998238E+00
       210      3 -0.1927266E-01  0.0000000E+00  0.9998143E+00
       210      4 -0.2109300E-01  0.0000000E+00  0.9997775E+00

       220      0  0.0000000E+00  0.0000000E+00  0.0000000E+00
       220      1 -0.1920522E-01  0.0000000E+00  0.9998156E+00
       220      2 -0.1899574E-01  0.0000000E+00  0.9998196E+00
       220      3 -0.1885533E-01  0.0000000E+00  0.9998222E+00
       220      4 -0.1893983E-01  0.0000000E+00  0.9998206E+00

       230      0  0.0000000E+00  0.0000000E+00  0.0000000E+00
       230      1 -0.2007807E-01  0.0000000E+00  0.9997984E+00
       230      2 -0.2002021E-01  0.0000000E+00  0.9997996E+00
       230      3 -0.2001416E-01  0.0000000E+00  0.9997997E+00
       230      4 -0.2020582E-01  0.0000000E+00  0.9997958E+00

       240      0  0.0000000E+00  0.0000000E+00  0.0000000E+00
       240      1 -0.2095090E-01  0.0000000E+00  0.9997805E+00
       240      2 -0.2134300E-01  0.0000000E+00  0.9997722E+00
       240      3 -0.2180689E-01  0.0000000E+00  0.9997622E+00
       240      4 -0.2367780E-01  0.0000000E+00  0.9997196E+00

       250      0  0.0000000E+00  0.0000000E+00  0.0000000E+00
       250      1 -0.2182372E-01  0.0000000E+00  0.9997618E+00
       250      2 -0.2146043E-01  0.0000000E+00  0.9997697E+00
       250      3 -0.2116853E-01  0.0000000E+00  0.9997759E+00
       250      4 -0.2076930E-01  0.0000000E+00  0.9997843E+00

       260      0  0.0000000E+00  0.0000000E+00  0.0000000E+00
       260      1 -0.2269652E-01  0.0000000E+00  0.9997424E+00
       260      2 -0.2290786E-01  0.0000000E+00  0.9997376E+00
       260      3 -0.2317730E-01  0.0000000E+00  0.9997314E+00
       260      4 -0.2421930E-01  0.0000000E+00  0.9997067E+00

       270      0  0.0000000E+00  0.0000000E+00  0.0000000E+00
       270      1 -0.2356931E-01  0.0000000E+00  0.9997222E+00
       270      2 -0.2376285E-01  0.0000000E+00  0.9997176E+00
       270      3 -0.2404065E-01  0.0000000E+00  0.9997110E+00
       270      4 -0.2549446E-01  0.0000000E+00  0.9996750E+00

       280      0  0.0000000E+00  0.0000000E+00  0.0000000E+00
       280      1 -0.2444207E-01  0.0000000E+00  0.9997012E+00
       280      2 -0.2408896E-01  0.0000000E+00  0.9997098E+00
       280      3 -0.2380592E-01  0.0000000E+00  0.9997166E+00
       280      4 -0.2334917E-01  0.0000000E+00  0.9997274E+00

       290      0  0.0000000E+00  0.0000000E+00  0.0000000E+00
       290      1 -0.2531482E-01  0.0000000E+00  0.9996795E+00
       290      2 -0.2572229E-01  0.0000000E+00  0.9996691E+00
       290      3 -0.2619996E-01  0.0000000E+00  0.9996567E+00
       290      4 -0.2797745E-01  0.0000000E+00  0.9996086E+00

       300      0  0.0000000E+00  0.0000000E+00  0.0000000E+00
       300      1 -0.2618755E-01  0.0000000E+00  0.9996570E+00
       300      2 -0.2611721E-01  0.0000000E+00  0.9996589E+00
       300      3 -0.2613911E-01  0.0000000E+00  0.9996583E+00
       300      4 -0.2690181E-01  0.0000000E+00  0.9996381E+00

       310      0  0.0000000E+00  0.0000000E+00  0.0000000E+00
       310      1 -0.2706026E-01  0.0000000E+00  0.9996338E+00
       310      2 -0.2687835E-01  0.0000000E+00  0.9996387E+00
       310      3 -0.2676458E-01  0.0000000E+00  0.9996418E+00
       310      4 -0.2672356E-01  0.0000000E+00  0.9996429E+00

       320      0  0.0000000E+00  0.0000000E+00  0.0000000E+00
       320      1 -0.2793295E-01  0.0000000E+00  0.9996098E+00
       320      2 -0.2838342E-01  0.0000000E+00  0.9995971E+00
       320      3 -0.2892006E-01  0.0000000E+00  0.9995817E+00
       320      4 -0.3105542E-01  0.0000000E+00  0.9995177E+00

       330      0  0.0000000E+00  0.0000000E+00  0.0000000E+00
       330      1 -0.2880561E-01  0.0000000E+00  0.9995850E+00
       330      2 -0.2851681E-01  0.0000000E+00  0.9995933E+00
       330      3 -0.2832244E-01  0.0000000E+00  0.9995988E+00
       330      4 -0.2841937E-01  0.0000000E+00  0.9995961E+00

       340      0  0.0000000E+00  0.0000000E+00  0.0000000E+00
       340      1 -0.2967826E-01  0.0000000E+00  0.9995595E+00
       340      2 -0.2975927E-01  0.0000000E+00  0.9995571E+00
       340      3 -0.2991046E-01  0.0000000E+00  0.9995526E+00
       340      4 -0.3062817E-01  0.0000000E+00  0.9995308E+00

       350      0  0.0000000E+00  0.0000000E+00  0.0000000E+00
       350      1 -0.3055088E-01  0.0000000E+00  0.9995332E+00
       350      2 -0.3087456E-01  0.0000000E+00  0.9995233E+00
       350      3 -0.3129997E-01  0.0000000E+00  0.9995100E+00
       350      4 -0.3329609E-01  0.0000000E+00  0.9994455E+00

       360      0  0.0000000E+00  0.0000000E+00  0.0000000E+00
       360      1 -0.3142348E-01  0.0000000E+00  0.9995062E+00
       360      2 -0.3105314E-01  0.0000000E+00  0.9995177E+00
       360      3 -0.3077404E-01  0.0000000E+00  0.9995264E+00
       360      4 -0.3051291E-01  0.0000000E+00  0.9995344E+00

       370      0  0.0000000E+00  0.0000000E+00  0.0000000E+00
       370      1 -0.3229606E-01  0.0000000E+00  0.9994783E+00
       370      2 -0.3262438E-01  0.0000000E+00  0.9994677E+00
       370      3 -0.3303223E-01  0.0000000E+00  0.9994543E+00
       370      4 -0.3458945E-01  0.0000000E+00  0.9994016E+00

       380      0  0.0000000E+00  0.0000000E+00  0.0000000E+00
       380      1 -0.3316861E-01  0.0000000E+00  0.9994498E+00
       380      2 -0.3324960E-01  0.0000000E+00  0.9994471E+00
       380      3 -0.3344335E-01  0.0000000E+00  0.9994406E+00
       380      4 -0.3488169E-01  0.0000000E+00  0.9993914E+00

       390      0  0.0000000E+00  0.0000000E+00  0.0000000E+00
       390      1 -0.3404113E-01  0.0000000E+00  0.9994204E+00
       390      2 -0.3376088E-01  0.0000000E+00  0.9994299E+00
       390      3 -0.3356616E-01  0.0000000E+00  0.9994365E+00
       390      4 -0.3341357E-01  0.0000000E+00  0.9994416E+00

       400      0  0.0000000E+00  0.0000000E+00  0.0000000E+00
       400      1 -0.3491363E-01  0.0000000E+00  0.9993903E+00
       400      2 -0.3537245E-01  0.0000000E+00  0.9993742E+00
       400      3 -0.3592687E-01  0.0000000E+00  0.9993544E+00
       400      4 -0.3810330E-01  0.0000000E+00  0.9992738E+00

       410      0  0.0000000E+00  0.0000000E+00  0.0000000E+00
       410      1 -0.3578610E-01  0.0000000E+00  0.9993595E+00
       410      2 -0.3561050E-01  0.0000000E+00  0.9993657E+00
       410      3 -0.3555155E-01  0.0000000E+00  0.9993678E+00
       410      4 -0.3625911E-01  0.0000000E+00  0.9993424E+00

       420      0  0.0000000E+00  0.0000000E+00  0.0000000E+00
       420      1 -0.3665855E-01  0.0000000E+00  0.9993278E+00
       420      2 -0.3660394E-01  0.0000000E+00  0.9993299E+00
       420      3 -0.3663179E-01  0.0000000E+00  0.9993288E+00
       420      4 -0.3703653E-01  0.0000000E+00  0.9993139E+00

       430      0  0.0000000E+00  0.0000000E+00  0.0000000E+00
       430      1 -0.3753097E-01  0.0000000E+00  0.9992955E+00
       430      2 -0.3795034E-01  0.0000000E+00  0.9992796E+00
       430      3 -0.3848381E-01  0.0000000E+00  0.9992592E+00
       430      4 -0.4083552E-01  0.0000000E+00  0.9991659E+00

       440      0  0.0000000E+00  0.0000000E+00  0.0000000E+00
       440      1 -0.3840335E-01  0.0000000E+00  0.9992623E+00
       440      2 -0.3806460E-01  0.0000000E+00  0.9992753E+00
       440      3 -0.3783897E-01  0.0000000E+00  0.9992838E+00
       440      4 -0.3795187E-01  0.0000000E+00  0.9992796E+00

       450      0  0.0000000E+00  0.0000000E+00  0.0000000E+00
       450      1 -0.3927571E-01  0.0000000E+00  0.9992284E+00
       450      2 -0.3949034E-01  0.0000000E+00  0.9992200E+00
       450      3 -0.3979205E-01  0.0000000E+00  0.9992080E+00
       450      4 -0.4101650E-01  0.0000000E+00  0.9991585E+00

       460      0  0.0000000E+00  0.0000000E+00  0.0000000E+00
       460      1 -0.4014804E-01  0.0000000E+00  0.9991937E+00
       460      2 -0.4037547E-01  0.0000000E+00  0.9991846E+00
       460      3 -0.4073219E-01  0.0000000E+00  0.9991701E+00
       460      4 -0.4276442E-01  0.0000000E+00  0.9990852E+00

       470      0  0.0000000E+00  0.0000000E+00  0.0000000E+00
       470      1 -0.4102034E-01  0.0000000E+00  0.9991583E+00
       470      2 -0.4068020E-01  0.0000000E+00  0.9991722E+00
       470      3 -0.4044464E-01  0.0000000E+00  0.9991818E+00
       470      4 -0.4034852E-01  0.0000000E+00  0.9991857E+00

       480      0  0.0000000E+00  0.0000000E+00  0.0000000E+00
       480      1 -0.4189261E-01  0.0000000E+00  0.9991221E+00
       480      2 -0.4230983E-01  0.0000000E+00  0.9991045E+00
       480      3 -0.4282811E-01  0.0000000E+00  0.9990825E+00
       480      4 -0.4484373E-01  0.0000000E+00  0.9989940E+00

       490      0  0.0000000E+00  0.0000000E+00  0.0000000E+00
       490      1 -0.4276485E-01  0.0000000E+00  0.9990852E+00
       490      2 -0.4272865E-01  0.0000000E+00  0.9990867E+00
       490      3 -0.4282927E-01  0.0000000E+00  0.9990824E+00
       490      4 -0.4419492E-01  0.0000000E+00  0.9990229E+00

       500      0  0.0000000E+00  0.0000000E+00  0.0000000E+00
       500      1 -0.4363705E-01  0.0000000E+00  0.9990475E+00
       500      2 -0.4345875E-01  0.0000000E+00  0.9990552E+00
       500      3 -0.4337674E-01  0.0000000E+00  0.9990588E+00
       500      4 -0.4355665E-01  0.0000000E+00  0.9990510E+00

       510      0  0.0000000E+00  0.0000000E+00  0.0000000E+00
       510      1 -0.4450922E-01  0.0000000E+00  0.9990090E+00
       510      2 -0.4497936E-01  0.0000000E+00  0.9989879E+00
       510      3 -0.4557065E-01  0.0000000E+00  0.9989611E+00
       510      4 -0.4805982E-01  0.0000000E+00  0.9988445E+00

       520      0  0.0000000E+00  0.0000000E+00  0.0000000E+00
       520      1 -0.4538135E-01  0.0000000E+00  0.9989697E+00
       520      2 -0.4512022E-01  0.0000000E+00  0.9989816E+00
       520      3 -0.4499404E-01  0.0000000E+00  0.9989873E+00
       520      4 -0.4563039E-01  0.0000000E+00  0.9989584E+00

       530      0  0.0000000E+00  0.0000000E+00  0.0000000E+00
       530      1 -0.4625346E-01  0.0000000E+00  0.9989297E+00
       530      2 -0.4633444E-01  0.0000000E+00  0.9989260E+00
       530      3 -0.4651019E-01  0.0000000E+00  0.9989178E+00
       530      4 -0.4736875E-01  0.0000000E+00  0.9988775E+00

       540      0  0.0000000E+00  0.0000000E+00  0.0000000E+00
       540      1 -0.4712552E-01  0.0000000E+00  0.9988890E+00
       540      2 -0.4747783E-01  0.0000000E+00  0.9988723E+00
       540      3 -0.4797092E-01  0.0000000E+00  0.9988487E+00
       540      4 -0.5044478E-01  0.0000000E+00  0.9987269E+00

       550      0  0.0000000E+00  0.0000000E+00  0.0000000E+00
       550      1 -0.4799755E-01  0.0000000E+00  0.9988475E+00
       550      2 -0.4764406E-01  0.0000000E+00  0.9988644E+00
       550      3 -0.4741579E-01  0.0000000E+00  0.9988752E+00
       550      4 -0.4756329E-01  0.0000000E+00  0.9988682E+00

       560      0  0.0000000E+00  0.0000000E+00  0.0000000E+00
       560      1 -0.4886955E-01  0.0000000E+00  0.9988052E+00
       560      2 -0.4920118E-01  0.0000000E+00  0.9987889E+00
       560      3 -0.4963702E-01  0.0000000E+00  0.9987673E+00
       560      4 -0.5134113E-01  0.0000000E+00  0.9986812E+00

       570      0  0.0000000E+00  0.0000000E+00  0.0000000E+00
       570      1 -0.4974150E-01  0.0000000E+00  0.9987621E+00
       570      2 -0.4985512E-01  0.0000000E+00  0.9987565E+00
       570      3 -0.5012226E-01  0.0000000E+00  0.9987431E+00
       570      4 -0.5211437E-01  0.0000000E+00  0.9986411E+00

       580      0  0.0000000E+00  0.0000000E+00  0.0000000E+00
       580      1 -0.5061342E-01  0.0000000E+00  0.9987183E+00
       580      2 -0.5033902E-01  0.0000000E+00  0.9987322E+00
       580      3 -0.5017714E-01  0.0000000E+00  0.9987403E+00
       580      4 -0.5028120E-01  0.0000000E+00  0.9987351E+00

       590      0  0.0000000E+00  0.0000000E+00  0.0000000E+00
       590      1 -0.5148530E-01  0.0000000E+00  0.9986738E+00
       590      2 -0.5195608E-01  0.0000000E+00  0.9986494E+00
       590      3 -0.5255045E-01  0.0000000E+00  0.9986183E+00
       590      4 -0.5496020E-01  0.0000000E+00  0.9984885E+00

       600      0  0.0000000E+00  0.0000000E+00  0.0000000E+00
       600      1 -0.5235714E-01  0.0000000E+00  0.9986284E+00
       600      2 -0.5221126E-01  0.0000000E+00  0.9986361E+00
       600      3 -0.5222092E-01  0.0000000E+00  0.9986356E+00
       600      4 -0.5347452E-01  0.0000000E+00  0.9985692E+00

       610      0  0.0000000E+00  0.0000000E+00  0.0000000E+00
       610      1 -0.5322894E-01  0.0000000E+00  0.9985823E+00
       610      2 -0.5317324E-01  0.0000000E+00  0.9985853E+00
       610      3 -0.5322177E-01  0.0000000E+00  0.9985827E+00
       610      4 -0.5376306E-01  0.0000000E+00  0.9985537E+00

       620      0  0.0000000E+00  0.0000000E+00  0.0000000E+00
       620      1 -0.5410070E-01  0.0000000E+00  0.9985355E+00
       620      2 -0.5454217E-01  0.0000000E+00  0.9985115E+00
       620      3 -0.5513036E-01  0.0000000E+00  0.9984792E+00
       620      4 -0.5784411E-01  0.0000000E+00  0.9983256E+00

       630      0  0.0000000E+00  0.0000000E+00  0.0000000E+00
       630      1 -0.5497242E-01  0.0000000E+00  0.9984879E+00
       630      2 -0.5465454E-01  0.0000000E+00  0.9985053E+00
       630      3 -0.5448348E-01  0.0000000E+00  0.9985147E+00
       630      4 -0.5505017E-01  0.0000000E+00  0.9984836E+00

       640      0  0.0000000E+00  0.0000000E+00  0.0000000E+00
       640      1 -0.5584410E-01  0.0000000E+00  0.9984395E+00
       640      2 -0.5605734E-01  0.0000000E+00  0.9984276E+00
       640      3 -0.5637757E-01  0.0000000E+00  0.9984095E+00
       640      4 -0.5769199E-01  0.0000000E+00  0.9983344E+00

       650      0  0.0000000E+00  0.0000000E+00  0.0000000E+00
       650      1 -0.5671573E-01  0.0000000E+00  0.9983904E+00
       650      2 -0.5697240E-01  0.0000000E+00  0.9983758E+00
       650      3 -0.5739449E-01  0.0000000E+00  0.9983516E+00
       650      4 -0.5990296E-01  0.0000000E+00  0.9982042E+00

       660      0  0.0000000E+00  0.0000000E+00  0.0000000E+00
       660      1 -0.5758732E-01  0.0000000E+00  0.9983405E+00
       660      2 -0.5725667E-01  0.0000000E+00  0.9983595E+00
       660      3 -0.5705739E-01  0.0000000E+00  0.9983709E+00
       660      4 -0.5727085E-01  0.0000000E+00  0.9983587E+00

       670      0  0.0000000E+00  0.0000000E+00  0.0000000E+00
       670      1 -0.5845887E-01  0.0000000E+00  0.9982898E+00
       670      2 -0.5888095E-01  0.0000000E+00  0.9982650E+00
       670      3 -0.5942584E-01  0.0000000E+00  0.9982327E+00
       670      4 -0.6157340E-01  0.0000000E+00  0.9981026E+00

       680      0  0.0000000E+00  0.0000000E+00  0.0000000E+00
       680      1 -0.5933037E-01  0.0000000E+00  0.9982384E+00
       680      2 -0.5932437E-01  0.0000000E+00  0.9982388E+00
       680      3 -0.5949173E-01  0.0000000E+00  0.9982288E+00
       680      4 -0.6138199E-01  0.0000000E+00  0.9981143E+00

       690      0  0.0000000E+00  0.0000000E+00  0.0000000E+00
       690      1 -0.6020183E-01  0.0000000E+00  0.9981862E+00
       690      2 -0.6002351E-01  0.0000000E+00  0.9981970E+00
       690      3 -0.5996191E-01  0.0000000E+00  0.9982007E+00
       690      4 -0.6030662E-01  0.0000000E+00  0.9981799E+00

       700      0  0.0000000E+00  0.0000000E+00  0.0000000E+00
       700      1 -0.6107324E-01  0.0000000E+00  0.9981333E+00
       700      2 -0.6155823E-01  0.0000000E+00  0.9981035E+00
       700      3 -0.6219048E-01  0.0000000E+00  0.9980643E+00
       700      4 -0.6492306E-01  0.0000000E+00  0.9978903E+00

       710      0  0.0000000E+00  0.0000000E+00  0.0000000E+00
       710      1 -0.6194461E-01  0.0000000E+00  0.9980796E+00
       710      2 -0.6170779E-01  0.0000000E+00  0.9980943E+00
       710      3 -0.6163919E-01  0.0000000E+00  0.9980985E+00
       710      4 -0.6275938E-01  0.0000000E+00  0.9980287E+00

       720      0  0.0000000E+00  0.0000000E+00  0.0000000E+00
       720      1 -0.6281593E-01  0.0000000E+00  0.9980251E+00
       720      2 -0.6289293E-01  0.0000000E+00  0.9980203E+00
       720      3 -0.6308136E-01  0.0000000E+00  0.9980084E+00
       720      4 -0.6401045E-01  0.0000000E+00  0.9979492E+00

       730      0  0.0000000E+00  0.0000000E+00  0.0000000E+00
       730      1 -0.6368720E-01  0.0000000E+00  0.9979699E+00
       730      2 -0.6406370E-01  0.0000000E+00  0.9979458E+00
       730      3 -0.6461177E-01  0.0000000E+00  0.9979105E+00
       730      4 -0.6746191E-01  0.0000000E+00  0.9977219E+00

       740      0  0.0000000E+00  0.0000000E+00  0.0000000E+00
       740      1 -0.6455842E-01  0.0000000E+00  0.9979139E+00
       740      2 -0.6421877E-01  0.0000000E+00  0.9979358E+00
       740      3 -0.6403152E-01  0.0000000E+00  0.9979479E+00
       740      4 -0.6454619E-01  0.0000000E+00  0.9979147E+00

       750      0  0.0000000E+00  0.0000000E+00  0.0000000E+00
       750      1 -0.6542959E-01  0.0000000E+00  0.9978572E+00
       750      2 -0.6576026E-01  0.0000000E+00  0.9978355E+00
       750      3 -0.6621172E-01  0.0000000E+00  0.9978056E+00
       750      4 -0.6797573E-01  0.0000000E+00  0.9976870E+00

       760      0  0.0000000E+00  0.0000000E+00  0.0000000E+00
       760      1 -0.6630071E-01  0.0000000E+00  0.9977997E+00
       760      2 -0.6644314E-01  0.0000000E+00  0.9977902E+00
       760      3 -0.6677241E-01  0.0000000E+00  0.9977682E+00
       760      4 -0.6923692E-01  0.0000000E+00  0.9976002E+00

       770      0  0.0000000E+00  0.0000000E+00  0.0000000E+00
       770      1 -0.6717178E-01  0.0000000E+00  0.9977414E+00
       770      2 -0.6690023E-01  0.0000000E+00  0.9977597E+00
       770      3 -0.6676152E-01  0.0000000E+00  0.9977690E+00
       770      4 -0.6708243E-01  0.0000000E+00  0.9977474E+00

       780      0  0.0000000E+00  0.0000000E+00  0.0000000E+00
       780      1 -0.6804280E-01  0.0000000E+00  0.9976824E+00
       780      2 -0.6852116E-01  0.0000000E+00  0.9976497E+00
       780      3 -0.6914304E-01  0.0000000E+00  0.9976068E+00
       780      4 -0.7168790E-01  0.0000000E+00  0.9974271E+00

       790      0  0.0000000E+00  0.0000000E+00  0.0000000E+00
       790      1 -0.6891377E-01  0.0000000E+00  0.9976226E+00
       790      2 -0.6879446E-01  0.0000000E+00  0.9976309E+00
       790      3 -0.6886295E-01  0.0000000E+00  0.9976261E+00
       790      4 -0.7060542E-01  0.0000000E+00  0.9975043E+00

       800      0  0.0000000E+00  0.0000000E+00  0.0000000E+00
       800      1 -0.6978469E-01  0.0000000E+00  0.9975621E+00
       800      2 -0.6972462E-01  0.0000000E+00  0.9975663E+00
       800      3 -0.6978375E-01  0.0000000E+00  0.9975621E+00
       800      4 -0.7041185E-01  0.0000000E+00  0.9975180E+00

       810      0  0.0000000E+00  0.0000000E+00  0.0000000E+00
       810      1 -0.7065555E-01  0.0000000E+00  0.9975008E+00
       810      2 -0.7111494E-01  0.0000000E+00  0.9974681E+00
       810      3 -0.7174599E-01  0.0000000E+00  0.9974229E+00
       810      4 -0.7472400E-01  0.0000000E+00  0.9972043E+00

       820      0  0.0000000E+00  0.0000000E+00  0.0000000E+00
       820      1 -0.7152636E-01  0.0000000E+00  0.9974387E+00
       820      2 -0.7122668E-01  0.0000000E+00  0.9974602E+00
       820      3 -0.7110152E-01  0.0000000E+00  0.9974691E+00
       820      4 -0.7208454E-01  0.0000000E+00  0.9973985E+00

       830      0  0.0000000E+00  0.0000000E+00  0.0000000E+00
       830      1 -0.7239712E-01  0.0000000E+00  0.9973759E+00
       830      2 -0.7260533E-01  0.0000000E+00  0.9973608E+00
       830      3 -0.7293339E-01  0.0000000E+00  0.9973368E+00
       830      4 -0.7427129E-01  0.0000000E+00  0.9972381E+00

       840      0  0.0000000E+00  0.0000000E+00  0.0000000E+00
       840      1 -0.7326782E-01  0.0000000E+00  0.9973123E+00
       840      2 -0.7355005E-01  0.0000000E+00  0.9972915E+00
       840      3 -0.7402688E-01  0.0000000E+00  0.9972562E+00
       840      4 -0.7692741E-01  0.0000000E+00  0.9970367E+00

       850      0  0.0000000E+00  0.0000000E+00  0.0000000E+00
       850      1 -0.7413846E-01  0.0000000E+00  0.9972480E+00
       850      2 -0.7381479E-01  0.0000000E+00  0.9972720E+00
       850      3 -0.7364357E-01  0.0000000E+00  0.9972846E+00
       850      4 -0.7413811E-01  0.0000000E+00  0.9972480E+00

       860      0  0.0000000E+00  0.0000000E+00  0.0000000E+00
       860      1 -0.7500905E-01  0.0000000E+00  0.9971829E+00
       860      2 -0.7543210E-01  0.0000000E+00  0.9971509E+00
       860      3 -0.7599250E-01  0.0000000E+00  0.9971084E+00
       860      4 -0.7818944E-01  0.0000000E+00  0.9969385E+00

       870      0  0.0000000E+00  0.0000000E+00  0.0000000E+00
       870      1 -0.7587958E-01  0.0000000E+00  0.9971170E+00
       870      2 -0.7590073E-01  0.0000000E+00  0.9971154E+00
       870      3 -0.7612568E-01  0.0000000E+00  0.9970982E+00
       870      4 -0.7847886E-01  0.0000000E+00  0.9969158E+00

       880      0  0.0000000E+00  0.0000000E+00  0.0000000E+00
       880      1 -0.7675005E-01  0.0000000E+00  0.9970504E+00
       880      2 -0.7656905E-01  0.0000000E+00  0.9970643E+00
       880      3 -0.7651946E-01  0.0000000E+00  0.9970681E+00
       880      4 -0.7699664E-01  0.0000000E+00  0.9970314E+00

       890      0  0.0000000E+00  0.0000000E+00  0.0000000E+00
       890      1 -0.7762046E-01  0.0000000E+00  0.9969830E+00
       890      2 -0.7811642E-01  0.0000000E+00  0.9969442E+00
       890      3 -0.7877874E-01  0.0000000E+00  0.9968921E+00
       890      4 -0.8166446E-01  0.0000000E+00  0.9966599E+00

       900      0  0.0000000E+00  0.0000000E+00  0.0000000E+00
       900      1 -0.7849082E-01  0.0000000E+00  0.9969148E+00
       900      2 -0.7827587E-01  0.0000000E+00  0.9969317E+00
       900      3 -0.7825702E-01  0.0000000E+00  0.9969332E+00
       900      4 -0.7982251E-01  0.0000000E+00  0.9968091E+00

       910      0  0.0000000E+00  0.0000000E+00  0.0000000E+00
       910      1 -0.7936111E-01  0.0000000E+00  0.9968459E+00
       910      2 -0.7943114E-01  0.0000000E+00  0.9968404E+00
       910      3 -0.7962323E-01  0.0000000E+00  0.9968250E+00
       910      4 -0.8057650E-01  0.0000000E+00  0.9967484E+00

       920      0  0.0000000E+00  0.0000000E+00  0.0000000E+00
       920      1 -0.8023135E-01  0.0000000E+00  0.9967763E+00
       920      2 -0.8062852E-01  0.0000000E+00  0.9967442E+00
       920      3 -0.8122155E-01  0.0000000E+00  0.9966961E+00
       920      4 -0.8436311E-01  0.0000000E+00  0.9964351E+00

       930      0  0.0000000E+00  0.0000000E+00  0.0000000E+00
       930      1 -0.8110152E-01  0.0000000E+00  0.9967058E+00
       930      2 -0.8077359E-01  0.0000000E+00  0.9967325E+00
       930      3 -0.8062034E-01  0.0000000E+00  0.9967449E+00
       930      4 -0.8147933E-01  0.0000000E+00  0.9966750E+00

       940      0  0.0000000E+00  0.0000000E+00  0.0000000E+00
       940      1 -0.8197163E-01  0.0000000E+00  0.9966347E+00
       940      2 -0.8229798E-01  0.0000000E+00  0.9966078E+00
       940      3 -0.8275545E-01  0.0000000E+00  0.9965699E+00
       940      4 -0.8451488E-01  0.0000000E+00  0.9964222E+00

       950      0  0.0000000E+00  0.0000000E+00  0.0000000E+00
       950      1 -0.8284168E-01  0.0000000E+00  0.9965627E+00
       950      2 -0.8300997E-01  0.0000000E+00  0.9965487E+00
       950      3 -0.8339271E-01  0.0000000E+00  0.9965168E+00
       950      4 -0.8626242E-01  0.0000000E+00  0.9962725E+00

       960      0  0.0000000E+00  0.0000000E+00  0.0000000E+00
       960      1 -0.8371167E-01  0.0000000E+00  0.9964900E+00
       960      2 -0.8344085E-01  0.0000000E+00  0.9965127E+00
       960      3 -0.8331838E-01  0.0000000E+00  0.9965230E+00
       960      4 -0.8383675E-01  0.0000000E+00  0.9964795E+00

       970      0  0.0000000E+00  0.0000000E+00  0.0000000E+00
       970      1 -0.8458159E-01  0.0000000E+00  0.9964166E+00
       970      2 -0.8506401E-01  0.0000000E+00  0.9963755E+00
       970      3 -0.8570359E-01  0.0000000E+00  0.9963207E+00
       970      4 -0.8830489E-01  0.0000000E+00  0.9960935E+00

       980      0  0.0000000E+00  0.0000000E+00  0.0000000E+00
       980      1 -0.8545144E-01  0.0000000E+00  0.9963423E+00
       980      2 -0.8535637E-01  0.0000000E+00  0.9963505E+00
       980      3 -0.8547649E-01  0.0000000E+00  0.9963402E+00
       980      4 -0.8766424E-01  0.0000000E+00  0.9961501E+00

       990      0  0.0000000E+00  0.0000000E+00  0.0000000E+00
       990      1 -0.8632124E-01  0.0000000E+00  0.9962674E+00
       990      2 -0.8625443E-01  0.0000000E+00  0.9962731E+00
       990      3 -0.8631674E-01  0.0000000E+00  0.9962677E+00
       990      4 -0.8700335E-01  0.0000000E+00  0.9962080E+00

      1000      0  0.0000000E+00  0.0000000E+00  0.0000000E+00
      1000      1 -0.8719096E-01  0.0000000E+00  0.9961916E+00
      1000      2 -0.8766491E-01  0.0000000E+00  0.9961500E+00
      1000      3 -0.8832952E-01  0.0000000E+00  0.9960913E+00
      1000      4 -0.9148980E-01  0.0000000E+00  0.9958060E+00
