 11.66850000000000     0.0000000000000000E+000
 11.66850069113652      1.000000000000000
 6.421082709954609      2.000000000000000
 3.352553169988532      3.000000000000000
 3.598249191213916      4.000000000000000
 4.273469026820805      5.000000000000000
 11.66268160776024      6.000000000000000
 14.25516470391941      7.000000000000000
 13.54826134689916      8.000000000000000
 11.31463048031935      9.000000000000000
 1.523805765574010      10.00000000000000
0.7366814037426681      11.00000000000000
0.7378510895536987      12.00000000000000
0.8542806223511705      13.00000000000000
 1.038635017380626      14.00000000000000
 1.092332529036709      15.00000000000000
 9.699857139208826      16.00000000000000
 13.57425004557717      17.00000000000000
 14.28082476333766      18.00000000000000
 13.67802387712425      19.00000000000000
 12.97370922260959      20.00000000000000
 5.447582735785168      21.00000000000000
 1.778678714297938      22.00000000000000
 1.647856507693419      23.00000000000000
 1.634312464343849      24.00000000000000
 1.634235409138821      25.00000000000000
 1.647651027146679      26.00000000000000
 1.778189277462523      27.00000000000000
 5.444086633160868      28.00000000000000
 12.96594460888290      29.00000000000000
 13.66989627330514      30.00000000000000
 14.27238947543287      31.00000000000000
 13.56643330569016      32.00000000000000
 9.694504328812179      33.00000000000000
 1.092416722392933      34.00000000000000
 1.038752228962696      35.00000000000000
0.8545103829873613      36.00000000000000
0.7381507785858856      37.00000000000000
0.7371325959654941      38.00000000000000
 1.524175626468791      39.00000000000000
 11.31116869017495      40.00000000000000
 13.54381078512011      41.00000000000000
 14.25005302722473      42.00000000000000
 11.65807649542191      43.00000000000000
 4.270941676364185      44.00000000000000
 3.596024168749757      45.00000000000000
 3.350402264614191      46.00000000000000
 6.417897038134724      47.00000000000000
 11.66488846060411      48.00000000000000
