 2.493190000000000     0.0000000000000000E+000
 2.493190100074915      1.000000000000000
 5.429820314784639      2.000000000000000
 11.01663472992068      3.000000000000000
 10.46906096059416      4.000000000000000
 8.850724198691790      5.000000000000000
 1.588385004232410      6.000000000000000
0.9586815963054480      7.000000000000000
 1.006440746452129      8.000000000000000
 1.362889735333389      9.000000000000000
 8.477976973023278      10.00000000000000
 11.52877357304953      11.00000000000000
 12.02324499827363      12.00000000000000
 11.52469277763693      13.00000000000000
 10.94260737929908      14.00000000000000
 10.79984351830999      15.00000000000000
 4.212818671385125      16.00000000000000
 3.159647321319741      17.00000000000000
 3.072383230541973      18.00000000000000
 3.235746490563100      19.00000000000000
 3.445742877092504      20.00000000000000
 7.816611553885139      21.00000000000000
 14.99749110857676      22.00000000000000
 15.55377919258573      23.00000000000000
 15.55242346930033      24.00000000000000
 15.55249410755811      25.00000000000000
 15.55396756127313      26.00000000000000
 14.99791389318947      27.00000000000000
 7.818194079871539      28.00000000000000
 3.447441049338523      29.00000000000000
 3.237411933320517      30.00000000000000
 3.074017111020182      31.00000000000000
 3.161478819848138      32.00000000000000
 4.215293117835500      33.00000000000000
 10.80508488823706      34.00000000000000
 10.94789781964711      35.00000000000000
 11.53018060153862      36.00000000000000
 12.02889865519981      37.00000000000000
 11.53391514749865      38.00000000000000
 8.481445926007448      39.00000000000000
 1.362631278223554      40.00000000000000
 1.006033397460947      41.00000000000000
0.9581184369691353      42.00000000000000
 1.587738044580207      43.00000000000000
 8.851861047353227      44.00000000000000
 10.47071617569001      45.00000000000000
 11.01882149117455      46.00000000000000
 5.432045260705042      47.00000000000000
 2.494647652157411      48.00000000000000
