0.5160270000000000E-002     0.0000000000000000E+000
0.5160269907005312E-002      1.000000000000000
0.6542722133396189E-002      2.000000000000000
-.1885757174576605E-001      3.000000000000000
-.2931163982190509E-001      4.000000000000000
-.3417911093960567E-001      5.000000000000000
0.4773685429860228E-001      6.000000000000000
0.9793489521039732E-001      7.000000000000000
0.1551532453735059      8.000000000000000
0.2000920055641694      9.000000000000000
0.6329503559463000      10.00000000000000
0.7710188235948789      11.00000000000000
0.8105982918667162      12.00000000000000
0.7993613689829914      13.00000000000000
0.7858770615225215      14.00000000000000
0.7825059846574041      15.00000000000000
0.6928547876971896      16.00000000000000
0.6980715372868378      17.00000000000000
0.7809119644976297      18.00000000000000
0.8219278518289227      19.00000000000000
0.8711469166264744      20.00000000000000
 1.514210289414628      21.00000000000000
 2.129576763332881      22.00000000000000
 2.169222442524621      23.00000000000000
 2.169227735655397      24.00000000000000
 2.169234087412327      25.00000000000000
 2.169239380543103      26.00000000000000
 2.129615487456705      27.00000000000000
 1.514414132085603      28.00000000000000
0.8715156960883809      29.00000000000000
0.8223087205700972      30.00000000000000
0.7813029076381940      31.00000000000000
0.6985479690198027      32.00000000000000
0.6934817398482672      33.00000000000000
0.7837201548645317      34.00000000000000
0.7871009996995106      35.00000000000000
0.8006243790394260      36.00000000000000
0.8118938618226887      37.00000000000000
0.7723075275649333      38.00000000000000
0.6340773610422169      39.00000000000000
0.2005727790364551      40.00000000000000
0.1555422451379214      41.00000000000000
0.9821510863680097E-001      42.00000000000000
0.4793302981691718E-001      43.00000000000000
-.3431546136314857E-001      44.00000000000000
-.2949475019635715E-001      45.00000000000000
-.1909470483505447E-001      46.00000000000000
0.6177461533866194E-002      47.00000000000000
0.4667108303759228E-002      48.00000000000000
