# number of rays:       5
# iteration   ray    X              A              Y              B              T              D
         0      0  0.0000000E+00  0.0000000E+00  0.0000000E+00  0.0000000E+00  0.0000000E+00  0.0000000E+00
         0      1  0.0000000E+00  0.0000000E+00  0.0000000E+00  0.0000000E+00  0.0000000E+00  0.0000000E+00
         0      2  0.0000000E+00  0.0000000E+00  0.1000000E-02  0.0000000E+00  0.0000000E+00  0.0000000E+00
         0      3  0.0000000E+00  0.0000000E+00  0.2000000E-02  0.0000000E+00  0.0000000E+00  0.0000000E+00
         0      4  0.0000000E+00  0.0000000E+00  0.5000000E-02  0.0000000E+00  0.0000000E+00  0.0000000E+00

        10      0  0.0000000E+00  0.0000000E+00  0.0000000E+00  0.0000000E+00  0.0000000E+00  0.0000000E+00
        10      1  0.0000000E+00  0.0000000E+00  0.0000000E+00  0.0000000E+00  0.0000000E+00  0.0000000E+00
        10      2  0.4298853E-07  0.1109655E-06  0.7842294E-03 -0.4415090E-04 -0.2476533E-03  0.1632543E-08
        10      3  0.1718676E-06  0.4433646E-06  0.1565631E-02 -0.8886453E-04 -0.9906115E-03  0.6531485E-08
        10      4  0.1070531E-05  0.2749183E-05  0.3864535E-02 -0.2320058E-03 -0.6191236E-02  0.4087933E-07

        20      0  0.0000000E+00  0.0000000E+00  0.0000000E+00  0.0000000E+00  0.0000000E+00  0.0000000E+00
        20      1  0.0000000E+00  0.0000000E+00  0.0000000E+00  0.0000000E+00  0.0000000E+00  0.0000000E+00
        20      2 -0.2530293E-06  0.7925945E-07  0.5592191E-03 -0.8778173E-04 -0.4930661E-03  0.3266422E-08
        20      3 -0.1012433E-05  0.3163546E-06  0.1112577E-02 -0.1766694E-03 -0.1972260E-02  0.1306834E-07
        20      4 -0.6340864E-05  0.1947016E-05  0.2678716E-02 -0.4610021E-03 -0.1232645E-01  0.8179287E-07

        30      0  0.0000000E+00  0.0000000E+00  0.0000000E+00  0.0000000E+00  0.0000000E+00  0.0000000E+00
        30      1  0.0000000E+00  0.0000000E+00  0.0000000E+00  0.0000000E+00  0.0000000E+00  0.0000000E+00
        30      2  0.6844887E-07 -0.3786018E-07  0.3276206E-03 -0.1303783E-03 -0.7362589E-03  0.4899227E-08
        30      3  0.2731902E-06 -0.1530141E-06  0.6462473E-03 -0.2623656E-03 -0.2945029E-02  0.1960073E-07
        30      4  0.1682339E-05 -0.1025586E-05  0.1458034E-02 -0.6839908E-03 -0.1840617E-01  0.1226705E-06

        40      0  0.0000000E+00  0.0000000E+00  0.0000000E+00  0.0000000E+00  0.0000000E+00  0.0000000E+00
        40      1  0.0000000E+00  0.0000000E+00  0.0000000E+00  0.0000000E+00  0.0000000E+00  0.0000000E+00
        40      2 -0.8822660E-07  0.9358498E-07  0.9216230E-04 -0.1714389E-03 -0.9772528E-03  0.6528599E-08
        40      3 -0.3516289E-06  0.3720348E-06  0.1722071E-03 -0.3449316E-03 -0.3909003E-02  0.2611904E-07
        40      4 -0.2139296E-05  0.2223903E-05  0.2183792E-03 -0.8980806E-03 -0.2443095E-01  0.1634439E-06

        50      0  0.0000000E+00  0.0000000E+00  0.0000000E+00  0.0000000E+00  0.0000000E+00  0.0000000E+00
        50      1  0.0000000E+00  0.0000000E+00  0.0000000E+00  0.0000000E+00  0.0000000E+00  0.0000000E+00
        50      2 -0.1978585E-06 -0.3230603E-07 -0.1443819E-03 -0.2104798E-03 -0.1216071E-02  0.8152339E-08
        50      3 -0.7909927E-06 -0.1314734E-06 -0.3038890E-03 -0.4233819E-03 -0.4864275E-02  0.3261434E-07
        50      4 -0.4920485E-05 -0.9200163E-06 -0.1024135E-02 -0.1100485E-02 -0.3040138E-01  0.2040500E-06

        60      0  0.0000000E+00  0.0000000E+00  0.0000000E+00  0.0000000E+00  0.0000000E+00  0.0000000E+00
        60      1  0.0000000E+00  0.0000000E+00  0.0000000E+00  0.0000000E+00  0.0000000E+00  0.0000000E+00
        60      2  0.1253609E-06 -0.6268107E-07 -0.3792249E-03 -0.2470409E-03 -0.1452734E-02  0.9768515E-08
        60      3  0.5034779E-06 -0.2544011E-06 -0.7763578E-03 -0.4967799E-03 -0.5810925E-02  0.3907877E-07
        60      4  0.3240074E-05 -0.1749642E-05 -0.2253300E-02 -0.1288558E-02 -0.3631800E-01  0.2444344E-06

        70      0  0.0000000E+00  0.0000000E+00  0.0000000E+00  0.0000000E+00  0.0000000E+00  0.0000000E+00
        70      1  0.0000000E+00  0.0000000E+00  0.0000000E+00  0.0000000E+00  0.0000000E+00  0.0000000E+00
        70      2 -0.1660741E-06  0.3470154E-07 -0.6095999E-03 -0.2806915E-03 -0.1687263E-02  0.1137555E-07
        70      3 -0.6598700E-06  0.1354708E-06 -0.1239561E-02 -0.5642503E-03 -0.6749039E-02  0.4550595E-07
        70      4 -0.3924951E-05  0.7034061E-06 -0.3453098E-02 -0.1459861E-02 -0.4218136E-01  0.2845541E-06

        80      0  0.0000000E+00  0.0000000E+00  0.0000000E+00  0.0000000E+00  0.0000000E+00  0.0000000E+00
        80      1  0.0000000E+00  0.0000000E+00  0.0000000E+00  0.0000000E+00  0.0000000E+00  0.0000000E+00
        80      2 -0.4386840E-07 -0.1333195E-06 -0.8327931E-03 -0.3110353E-03 -0.1919679E-02  0.1297229E-07
        80      3 -0.1726500E-06 -0.5363418E-06 -0.1687973E-02 -0.6249880E-03 -0.7678706E-02  0.5189128E-07
        80      4 -0.9502635E-06 -0.3480677E-05 -0.4607960E-02 -0.1612165E-02 -0.4799206E-01  0.3243797E-06

        90      0  0.0000000E+00  0.0000000E+00  0.0000000E+00  0.0000000E+00  0.0000000E+00  0.0000000E+00
        90      1  0.0000000E+00  0.0000000E+00  0.0000000E+00  0.0000000E+00  0.0000000E+00  0.0000000E+00
        90      2  0.1472441E-06 -0.6446031E-07 -0.1046175E-02 -0.3377146E-03 -0.2150003E-02  0.1455808E-07
        90      3  0.5955595E-06 -0.2618589E-06 -0.2116242E-02 -0.6782679E-03 -0.8600000E-02  0.5823215E-07
        90      4  0.4013470E-05 -0.1804066E-05 -0.5702810E-02 -0.1743480E-02 -0.5375058E-01  0.3638969E-06

       100      0  0.0000000E+00  0.0000000E+00  0.0000000E+00  0.0000000E+00  0.0000000E+00  0.0000000E+00
       100      1  0.0000000E+00  0.0000000E+00  0.0000000E+00  0.0000000E+00  0.0000000E+00  0.0000000E+00
       100      2 -0.1581419E-06 -0.4157776E-07 -0.1247231E-02 -0.3604153E-03 -0.2378254E-02  0.1613276E-07
       100      3 -0.6255641E-06 -0.1682238E-06 -0.2519256E-02 -0.7234547E-03 -0.9513008E-02  0.6452806E-07
       100      4 -0.3601105E-05 -0.1123511E-05 -0.6723386E-02 -0.1852105E-02 -0.5945751E-01  0.4031073E-06

       110      0  0.0000000E+00  0.0000000E+00  0.0000000E+00  0.0000000E+00  0.0000000E+00  0.0000000E+00
       110      1  0.0000000E+00  0.0000000E+00  0.0000000E+00  0.0000000E+00  0.0000000E+00  0.0000000E+00
       110      2  0.1453724E-06 -0.1822052E-06 -0.1433593E-02 -0.3788698E-03 -0.2604453E-02  0.1769671E-07
       110      3  0.5868150E-06 -0.7305346E-06 -0.2892212E-02 -0.7600095E-03 -0.1041781E-01  0.7078065E-07
       110      4  0.3897476E-05 -0.4624799E-05 -0.7656485E-02 -0.1936631E-02 -0.6511336E-01  0.4420281E-06

       120      0  0.0000000E+00  0.0000000E+00  0.0000000E+00  0.0000000E+00  0.0000000E+00  0.0000000E+00
       120      1  0.0000000E+00  0.0000000E+00  0.0000000E+00  0.0000000E+00  0.0000000E+00  0.0000000E+00
       120      2  0.1253057E-06 -0.4271051E-07 -0.1603065E-02 -0.3928608E-03 -0.2828618E-02  0.1925080E-07
       120      3  0.5110015E-06 -0.1719998E-06 -0.3230655E-02 -0.7874956E-03 -0.1131447E-01  0.7699361E-07
       120      4  0.3613102E-05 -0.1107055E-05 -0.8489886E-02 -0.1995947E-02 -0.7071861E-01  0.4806912E-06

       130      0  0.0000000E+00  0.0000000E+00  0.0000000E+00  0.0000000E+00  0.0000000E+00  0.0000000E+00
       130      1  0.0000000E+00  0.0000000E+00  0.0000000E+00  0.0000000E+00  0.0000000E+00  0.0000000E+00
       130      2 -0.6739114E-07 -0.1038679E-06 -0.1753651E-02 -0.4022235E-03 -0.3050768E-02  0.2079638E-07
       130      3 -0.2631513E-06 -0.4132883E-06 -0.3530548E-02 -0.8055857E-03 -0.1220308E-01  0.8317255E-07
       130      4 -0.1377461E-05 -0.2465773E-05 -0.9212779E-02 -0.2029296E-02 -0.7627382E-01  0.5191419E-06

       140      0  0.0000000E+00  0.0000000E+00  0.0000000E+00  0.0000000E+00  0.0000000E+00  0.0000000E+00
       140      1  0.0000000E+00  0.0000000E+00  0.0000000E+00  0.0000000E+00  0.0000000E+00  0.0000000E+00
       140      2  0.2918093E-06 -0.1588773E-06 -0.1883578E-02 -0.4068475E-03 -0.3270922E-02  0.2233518E-07
       140      3  0.1173047E-05 -0.6335510E-06 -0.3788318E-02 -0.8140643E-03 -0.1308370E-01  0.8932467E-07
       140      4  0.7561827E-05 -0.3849938E-05 -0.9815838E-02 -0.2036248E-02 -0.8177944E-01  0.5574356E-06

       150      0  0.0000000E+00  0.0000000E+00  0.0000000E+00  0.0000000E+00  0.0000000E+00  0.0000000E+00
       150      1  0.0000000E+00  0.0000000E+00  0.0000000E+00  0.0000000E+00  0.0000000E+00  0.0000000E+00
       150      2  0.6899354E-07 -0.6560298E-08 -0.1991313E-02 -0.4066785E-03 -0.3489096E-02  0.2386925E-07
       150      3  0.2843676E-06 -0.2188863E-07 -0.4000883E-02 -0.8128295E-03 -0.1395641E-01  0.9545844E-07
       150      4  0.2114518E-05  0.7642434E-07 -0.1029111E-01 -0.2016700E-02 -0.8723596E-01  0.5956360E-06

       160      0  0.0000000E+00  0.0000000E+00  0.0000000E+00  0.0000000E+00  0.0000000E+00  0.0000000E+00
       160      1  0.0000000E+00  0.0000000E+00  0.0000000E+00  0.0000000E+00  0.0000000E+00  0.0000000E+00
       160      2  0.6894234E-07 -0.1264196E-06 -0.2075589E-02 -0.4017184E-03 -0.3705309E-02  0.2540089E-07
       160      3  0.2772730E-06 -0.4983709E-06 -0.4165714E-02 -0.8018975E-03 -0.1482127E-01  0.1015832E-06
       160      4  0.1761164E-05 -0.2772821E-05 -0.1063253E-01 -0.1970930E-02 -0.9264387E-01  0.6338109E-06

       170      0  0.0000000E+00  0.0000000E+00  0.0000000E+00  0.0000000E+00  0.0000000E+00  0.0000000E+00
       170      1  0.0000000E+00  0.0000000E+00  0.0000000E+00  0.0000000E+00  0.0000000E+00  0.0000000E+00
       170      2  0.3351053E-06 -0.7299478E-07 -0.2135412E-02 -0.3920258E-03 -0.3919577E-02  0.2693248E-07
       170      3  0.1343284E-05 -0.2855004E-06 -0.4280845E-02 -0.7813985E-03 -0.1567835E-01  0.1077088E-06
       170      4  0.8472761E-05 -0.1483079E-05 -0.1083567E-01 -0.1899532E-02 -0.9800358E-01  0.6720287E-06

       180      0  0.0000000E+00  0.0000000E+00  0.0000000E+00  0.0000000E+00  0.0000000E+00  0.0000000E+00
       180      1  0.0000000E+00  0.0000000E+00  0.0000000E+00  0.0000000E+00  0.0000000E+00  0.0000000E+00
       180      2  0.1943183E-08  0.2907581E-07 -0.2170078E-02 -0.3777147E-03 -0.4131915E-02  0.2846643E-07
       180      3  0.9154767E-08  0.1262577E-06 -0.4344898E-02 -0.7515767E-03 -0.1652772E-01  0.1138449E-06
       180      4  0.6842302E-07  0.1234664E-05 -0.1089782E-01 -0.1803424E-02 -0.1033156E+00  0.7103555E-06

       190      0  0.0000000E+00  0.0000000E+00  0.0000000E+00  0.0000000E+00  0.0000000E+00  0.0000000E+00
       190      1  0.0000000E+00  0.0000000E+00  0.0000000E+00  0.0000000E+00  0.0000000E+00  0.0000000E+00
       190      2  0.1946300E-06 -0.9976392E-07 -0.2179179E-02 -0.3589540E-03 -0.4342342E-02  0.3000501E-07
       190      3  0.7721043E-06 -0.3884353E-06 -0.4357119E-02 -0.7127895E-03 -0.1736944E-01  0.1200008E-06
       190      4  0.4490173E-05 -0.1959951E-05 -0.1081831E-01 -0.1683886E-02 -0.1085803E+00  0.7488506E-06

       200      0  0.0000000E+00  0.0000000E+00  0.0000000E+00  0.0000000E+00  0.0000000E+00  0.0000000E+00
       200      1  0.0000000E+00  0.0000000E+00  0.0000000E+00  0.0000000E+00  0.0000000E+00  0.0000000E+00
       200      2  0.2575111E-06  0.4003600E-07 -0.2162608E-02 -0.3359646E-03 -0.4550872E-02  0.3155030E-07
       200      3  0.1026945E-05  0.1694721E-06 -0.4317358E-02 -0.6654989E-03 -0.1820358E-01  0.1261847E-06
       200      4  0.6226634E-05  0.1457437E-05 -0.1059815E-01 -0.1542459E-02 -0.1137983E+00  0.7875639E-06

       210      0  0.0000000E+00  0.0000000E+00  0.0000000E+00  0.0000000E+00  0.0000000E+00  0.0000000E+00
       210      1  0.0000000E+00  0.0000000E+00  0.0000000E+00  0.0000000E+00  0.0000000E+00  0.0000000E+00
       210      2 -0.4793351E-07  0.4965177E-07 -0.2120560E-02 -0.3090174E-03 -0.4757521E-02  0.3310405E-07
       210      3 -0.2007619E-06  0.2108830E-06 -0.4226090E-02 -0.6102693E-03 -0.1903019E-01  0.1324037E-06
       210      4 -0.1696994E-05  0.1832132E-05 -0.1024018E-01 -0.1380984E-02 -0.1189698E+00  0.8265337E-06

       220      0  0.0000000E+00  0.0000000E+00  0.0000000E+00  0.0000000E+00  0.0000000E+00  0.0000000E+00
       220      1  0.0000000E+00  0.0000000E+00  0.0000000E+00  0.0000000E+00  0.0000000E+00  0.0000000E+00
       220      2  0.2576453E-06 -0.3468752E-07 -0.2053530E-02 -0.2784299E-03 -0.4962306E-02  0.3466761E-07
       220      3  0.1016727E-05 -0.1291886E-06 -0.4084413E-02 -0.5477611E-03 -0.1984935E-01  0.1386629E-06
       220      4  0.5703700E-05 -0.4243946E-06 -0.9749203E-02 -0.1201585E-02 -0.1240955E+00  0.8657837E-06

       230      0  0.0000000E+00  0.0000000E+00  0.0000000E+00  0.0000000E+00  0.0000000E+00  0.0000000E+00
       230      1  0.0000000E+00  0.0000000E+00  0.0000000E+00  0.0000000E+00  0.0000000E+00  0.0000000E+00
       230      2  0.9114980E-07  0.1336577E-06 -0.1962310E-02 -0.2445625E-03 -0.5165240E-02  0.3624188E-07
       230      3  0.3549495E-06  0.5428791E-06 -0.3894011E-02 -0.4787187E-03 -0.2066111E-01  0.1449658E-06
       230      4  0.1766371E-05  0.3701074E-05 -0.9131517E-02 -0.1006573E-02 -0.1291756E+00  0.9053222E-06

       240      0  0.0000000E+00  0.0000000E+00  0.0000000E+00  0.0000000E+00  0.0000000E+00  0.0000000E+00
       240      1  0.0000000E+00  0.0000000E+00  0.0000000E+00  0.0000000E+00  0.0000000E+00  0.0000000E+00
       240      2 -0.6006352E-07  0.4692780E-07 -0.1847972E-02 -0.2078141E-03 -0.5366343E-02  0.3782725E-07
       240      3 -0.2582688E-06  0.1966924E-06 -0.3657159E-02 -0.4039668E-03 -0.2146555E-01  0.1513137E-06
       240      4 -0.2412506E-05  0.1557281E-05 -0.8395198E-02 -0.7984965E-03 -0.1342107E+00  0.9451417E-06

       250      0  0.0000000E+00  0.0000000E+00  0.0000000E+00  0.0000000E+00  0.0000000E+00  0.0000000E+00
       250      1  0.0000000E+00  0.0000000E+00  0.0000000E+00  0.0000000E+00  0.0000000E+00  0.0000000E+00
       250      2  0.2317043E-06  0.4212907E-07 -0.1711865E-02 -0.1686177E-03 -0.5565626E-02  0.3942360E-07
       250      3  0.9101258E-06  0.1719045E-06 -0.3376689E-02 -0.3243977E-03 -0.2226271E-01  0.1577057E-06
       250      4  0.4961556E-05  0.1145783E-05 -0.7549912E-02 -0.5800720E-03 -0.1392013E+00  0.9852190E-06

       260      0  0.0000000E+00  0.0000000E+00  0.0000000E+00  0.0000000E+00  0.0000000E+00  0.0000000E+00
       260      1  0.0000000E+00  0.0000000E+00  0.0000000E+00  0.0000000E+00  0.0000000E+00  0.0000000E+00
       260      2 -0.9527381E-07  0.1693387E-06 -0.1555593E-02 -0.1274351E-03 -0.5763109E-02  0.4103026E-07
       260      3 -0.3944087E-06  0.6799793E-06 -0.3055942E-02 -0.2409595E-03 -0.2305267E-01  0.1641388E-06
       260      4 -0.3013880E-05  0.4275361E-05 -0.6606568E-02 -0.3541165E-03 -0.1441478E+00  0.1025517E-05

       270      0  0.0000000E+00  0.0000000E+00  0.0000000E+00  0.0000000E+00  0.0000000E+00  0.0000000E+00
       270      1  0.0000000E+00  0.0000000E+00  0.0000000E+00  0.0000000E+00  0.0000000E+00  0.0000000E+00
       270      2 -0.2969622E-07  0.2226726E-07 -0.1380995E-02 -0.8475144E-04 -0.5958807E-02  0.4264612E-07
       270      3 -0.1391965E-06  0.8938087E-07 -0.2698749E-02 -0.1546487E-03 -0.2383550E-01  0.1706081E-06
       270      4 -0.1705458E-05  0.4805805E-06 -0.5577497E-02 -0.1235853E-03 -0.1490507E+00  0.1065984E-05

       280      0  0.0000000E+00  0.0000000E+00  0.0000000E+00  0.0000000E+00  0.0000000E+00  0.0000000E+00
       280      1  0.0000000E+00  0.0000000E+00  0.0000000E+00  0.0000000E+00  0.0000000E+00  0.0000000E+00
       280      2  0.1272350E-06  0.9904783E-07 -0.1190131E-02 -0.4106959E-04 -0.6152735E-02  0.4426962E-07
       280      3  0.4966441E-06  0.3901409E-06 -0.2309373E-02 -0.6649479E-04 -0.2461125E-01  0.1771070E-06
       280      4  0.2644878E-05  0.2079136E-05 -0.4476107E-02  0.1085289E-03 -0.1539105E+00  0.1106561E-05

       290      0  0.0000000E+00  0.0000000E+00  0.0000000E+00  0.0000000E+00  0.0000000E+00  0.0000000E+00
       290      1  0.0000000E+00  0.0000000E+00  0.0000000E+00  0.0000000E+00  0.0000000E+00  0.0000000E+00
       290      2 -0.2248411E-06  0.1324319E-06 -0.9852468E-03  0.3095986E-05 -0.6344911E-02  0.4589882E-07
       290      3 -0.9106758E-06  0.5239096E-06 -0.1892456E-02  0.2245165E-04 -0.2538000E-01  0.1836275E-06
       290      4 -0.6074034E-05  0.2928531E-05 -0.3316657E-02  0.3392263E-03 -0.1587276E+00  0.1147181E-05

       300      0  0.0000000E+00  0.0000000E+00  0.0000000E+00  0.0000000E+00  0.0000000E+00  0.0000000E+00
       300      1  0.0000000E+00  0.0000000E+00  0.0000000E+00  0.0000000E+00  0.0000000E+00  0.0000000E+00
       300      2  0.3024439E-07 -0.1402572E-07 -0.7687577E-03  0.4722486E-04 -0.6535352E-02  0.4753154E-07
       300      3  0.1075051E-06 -0.6665858E-07 -0.1452976E-02  0.1111284E-03 -0.2614181E-01  0.1901603E-06
       300      4  0.2104250E-06 -0.9556449E-06 -0.2114262E-02  0.5654945E-03 -0.1635025E+00  0.1187772E-05

       310      0  0.0000000E+00  0.0000000E+00  0.0000000E+00  0.0000000E+00  0.0000000E+00  0.0000000E+00
       310      1  0.0000000E+00  0.0000000E+00  0.0000000E+00  0.0000000E+00  0.0000000E+00  0.0000000E+00
       310      2 -0.1280310E-07  0.1125018E-06 -0.5432136E-03  0.9079728E-04 -0.6724074E-02  0.4916543E-07
       310      3 -0.5239126E-07  0.4352008E-06 -0.9961742E-03  0.1984787E-03 -0.2689675E-01  0.1966960E-06
       310      4 -0.2328463E-06  0.2007674E-05 -0.8845455E-03  0.7844063E-03 -0.1682358E+00  0.1228263E-05

       320      0  0.0000000E+00  0.0000000E+00  0.0000000E+00  0.0000000E+00  0.0000000E+00  0.0000000E+00
       320      1  0.0000000E+00  0.0000000E+00  0.0000000E+00  0.0000000E+00  0.0000000E+00  0.0000000E+00
       320      2 -0.2441523E-06  0.3818719E-07 -0.3112713E-03  0.1333000E-03 -0.6911096E-02  0.5079807E-07
       320      3 -0.9798473E-06  0.1392798E-06 -0.5274979E-03  0.2834611E-03 -0.2764490E-01  0.2032245E-06
       320      4 -0.6100985E-05  0.2405227E-06  0.3565588E-03  0.9931286E-03 -0.1729279E+00  0.1268587E-05

       330      0  0.0000000E+00  0.0000000E+00  0.0000000E+00  0.0000000E+00  0.0000000E+00  0.0000000E+00
       330      1  0.0000000E+00  0.0000000E+00  0.0000000E+00  0.0000000E+00  0.0000000E+00  0.0000000E+00
       330      2  0.9465932E-07 -0.4701325E-07 -0.7566349E-04  0.1742323E-03 -0.7096432E-02  0.5242712E-07
       330      3  0.3798917E-06 -0.2067234E-06 -0.5253932E-04  0.3650612E-03 -0.2838631E-01  0.2097365E-06
       330      4  0.2587688E-05 -0.2119726E-05  0.1592921E-02  0.1188944E-02 -0.1775793E+00  0.1308683E-05

       340      0  0.0000000E+00  0.0000000E+00  0.0000000E+00  0.0000000E+00  0.0000000E+00  0.0000000E+00
       340      1  0.0000000E+00  0.0000000E+00  0.0000000E+00  0.0000000E+00  0.0000000E+00  0.0000000E+00
       340      2 -0.1305764E-06  0.7675135E-07  0.1608346E-03  0.2131122E-03 -0.7280100E-02  0.5405039E-07
       340      3 -0.5095880E-06  0.2885122E-06  0.4230371E-03  0.4423070E-03 -0.2912106E-01  0.2162233E-06
       340      4 -0.2468156E-05  0.1010589E-05  0.2808484E-02  0.1369323E-02 -0.1821905E+00  0.1348502E-05

       350      0  0.0000000E+00  0.0000000E+00  0.0000000E+00  0.0000000E+00  0.0000000E+00  0.0000000E+00
       350      1  0.0000000E+00  0.0000000E+00  0.0000000E+00  0.0000000E+00  0.0000000E+00  0.0000000E+00
       350      2 -0.1453322E-06 -0.7455015E-07  0.3954372E-03  0.2494815E-03 -0.7462119E-02  0.5566598E-07
       350      3 -0.5730977E-06 -0.3145679E-06  0.8935621E-03  0.5142775E-03 -0.2984921E-01  0.2226773E-06
       350      4 -0.3074646E-05 -0.2626956E-05  0.3987531E-02  0.1531935E-02 -0.1867620E+00  0.1388004E-05

       360      0  0.0000000E+00  0.0000000E+00  0.0000000E+00  0.0000000E+00  0.0000000E+00  0.0000000E+00
       360      1  0.0000000E+00  0.0000000E+00  0.0000000E+00  0.0000000E+00  0.0000000E+00  0.0000000E+00
       360      2  0.1367886E-06 -0.6327500E-07  0.6253808E-03  0.2829120E-03 -0.7642502E-02  0.5727232E-07
       360      3  0.5651843E-06 -0.2726644E-06  0.1353423E-02  0.5801142E-03 -0.3057083E-01  0.2290926E-06
       360      4  0.4434914E-05 -0.2470052E-05  0.5114763E-02  0.1674667E-02 -0.1912942E+00  0.1427167E-05

       370      0  0.0000000E+00  0.0000000E+00  0.0000000E+00  0.0000000E+00  0.0000000E+00  0.0000000E+00
       370      1  0.0000000E+00  0.0000000E+00  0.0000000E+00  0.0000000E+00  0.0000000E+00  0.0000000E+00
       370      2 -0.1772543E-06  0.6328975E-08  0.8479567E-03  0.3130099E-03 -0.7821267E-02  0.5886831E-07
       370      3 -0.6856148E-06  0.1090172E-07  0.1797137E-02  0.6390328E-03 -0.3128599E-01  0.2354651E-06
       370      4 -0.3170215E-05 -0.4407948E-06  0.6175546E-02  0.1795679E-02 -0.1957876E+00  0.1465981E-05

       380      0  0.0000000E+00  0.0000000E+00  0.0000000E+00  0.0000000E+00  0.0000000E+00  0.0000000E+00
       380      1  0.0000000E+00  0.0000000E+00  0.0000000E+00  0.0000000E+00  0.0000000E+00  0.0000000E+00
       380      2  0.3076178E-07 -0.1593521E-06  0.1060544E-02  0.3394207E-03 -0.7998431E-02  0.6045332E-07
       380      3  0.1411878E-06 -0.6495760E-06  0.2219416E-02  0.6903314E-03 -0.3199475E-01  0.2417926E-06
       380      4  0.1718594E-05 -0.4433629E-05  0.7156232E-02  0.1893415E-02 -0.2002426E+00  0.1504455E-05

       390      0  0.0000000E+00  0.0000000E+00  0.0000000E+00  0.0000000E+00  0.0000000E+00  0.0000000E+00
       390      1  0.0000000E+00  0.0000000E+00  0.0000000E+00  0.0000000E+00  0.0000000E+00  0.0000000E+00
       390      2  0.1393363E-06 -0.5637013E-07  0.1260638E-02  0.3618334E-03 -0.8174008E-02  0.6202723E-07
       390      3  0.5865322E-06 -0.2370602E-06  0.2615225E-02  0.7333981E-03 -0.3269716E-01  0.2480752E-06
       390      4  0.4932656E-05 -0.1807186E-05  0.8044079E-02  0.1966605E-02 -0.2046597E+00  0.1542612E-05

       400      0  0.0000000E+00  0.0000000E+00  0.0000000E+00  0.0000000E+00  0.0000000E+00  0.0000000E+00
       400      1  0.0000000E+00  0.0000000E+00  0.0000000E+00  0.0000000E+00  0.0000000E+00  0.0000000E+00
       400      2 -0.1332486E-06 -0.6986741E-07  0.1445881E-02  0.3799841E-03 -0.8348014E-02  0.6359045E-07
       400      3 -0.5075714E-06 -0.2826211E-06  0.2979846E-02  0.7677205E-03 -0.3339330E-01  0.2543151E-06
       400      4 -0.2113420E-05 -0.1704005E-05  0.8827602E-02  0.2014316E-02 -0.2090393E+00  0.1580489E-05

       410      0  0.0000000E+00  0.0000000E+00  0.0000000E+00  0.0000000E+00  0.0000000E+00  0.0000000E+00
       410      1  0.0000000E+00  0.0000000E+00  0.0000000E+00  0.0000000E+00  0.0000000E+00  0.0000000E+00
       410      2  0.2114374E-06 -0.1813306E-06  0.1614094E-02  0.3936590E-03 -0.8520464E-02  0.6514389E-07
       410      3  0.8671299E-06 -0.7269140E-06  0.3308937E-02  0.7928901E-03 -0.3408323E-01  0.2605165E-06
       410      4  0.6233616E-05 -0.4398513E-05  0.9496783E-02  0.2035944E-02 -0.2133818E+00  0.1618134E-05

       420      0  0.0000000E+00  0.0000000E+00  0.0000000E+00  0.0000000E+00  0.0000000E+00  0.0000000E+00
       420      1  0.0000000E+00  0.0000000E+00  0.0000000E+00  0.0000000E+00  0.0000000E+00  0.0000000E+00
       420      2  0.1015819E-06 -0.2938619E-07  0.1763294E-02  0.4026971E-03 -0.8691371E-02  0.6668892E-07
       420      3  0.4349779E-06 -0.1146389E-06  0.3598572E-02  0.8086065E-03 -0.3476698E-01  0.2666853E-06
       420      4  0.3800085E-05 -0.3811442E-06  0.1004289E-01  0.2031203E-02 -0.2176875E+00  0.1655605E-05

       430      0  0.0000000E+00  0.0000000E+00  0.0000000E+00  0.0000000E+00  0.0000000E+00  0.0000000E+00
       430      1  0.0000000E+00  0.0000000E+00  0.0000000E+00  0.0000000E+00  0.0000000E+00  0.0000000E+00
       430      2 -0.1642602E-07 -0.1204328E-06  0.1891725E-02  0.4069921E-03 -0.8860751E-02  0.6822730E-07
       430      3 -0.4916265E-07 -0.4704953E-06  0.3845304E-02  0.8146839E-03 -0.3544464E-01  0.2728291E-06
       430      4  0.1983397E-06 -0.2249165E-05  0.1045894E-01  0.2000176E-02 -0.2219570E+00  0.1692968E-05

       440      0  0.0000000E+00  0.0000000E+00  0.0000000E+00  0.0000000E+00  0.0000000E+00  0.0000000E+00
       440      1  0.0000000E+00  0.0000000E+00  0.0000000E+00  0.0000000E+00  0.0000000E+00  0.0000000E+00
       440      2  0.3221829E-06 -0.1314933E-06  0.1997874E-02  0.4064934E-03 -0.9028615E-02  0.6976111E-07
       440      3  0.1303959E-05 -0.5145296E-06  0.4046198E-02  0.8110503E-03 -0.3611624E-01  0.2789566E-06
       440      4  0.8541339E-05 -0.2538325E-05  0.1073965E-01  0.1943277E-02 -0.2261904E+00  0.1730289E-05

       450      0  0.0000000E+00  0.0000000E+00  0.0000000E+00  0.0000000E+00  0.0000000E+00  0.0000000E+00
       450      1  0.0000000E+00  0.0000000E+00  0.0000000E+00  0.0000000E+00  0.0000000E+00  0.0000000E+00
       450      2  0.3955051E-07  0.6432743E-08  0.2080490E-02  0.4012069E-03 -0.9194977E-02  0.7129264E-07
       450      3  0.1732964E-06  0.4382122E-07  0.4198854E-02  0.7977488E-03 -0.3678184E-01  0.2850773E-06
       450      4  0.1446681E-05  0.1201931E-05  0.1088132E-01  0.1861233E-02 -0.2303882E+00  0.1767635E-05

       460      0  0.0000000E+00  0.0000000E+00  0.0000000E+00  0.0000000E+00  0.0000000E+00  0.0000000E+00
       460      1  0.0000000E+00  0.0000000E+00  0.0000000E+00  0.0000000E+00  0.0000000E+00  0.0000000E+00
       460      2  0.1251488E-06 -0.1243990E-06  0.2138603E-02  0.3911952E-03 -0.9359851E-02  0.7282429E-07
       460      3  0.4998072E-06 -0.4749304E-06  0.4301463E-02  0.7749401E-03 -0.3744149E-01  0.2912011E-06
       460      4  0.2768691E-05 -0.1880285E-05  0.1088228E-01  0.1755138E-02 -0.2345508E+00  0.1805068E-05

       470      0  0.0000000E+00  0.0000000E+00  0.0000000E+00  0.0000000E+00  0.0000000E+00  0.0000000E+00
       470      1  0.0000000E+00  0.0000000E+00  0.0000000E+00  0.0000000E+00  0.0000000E+00  0.0000000E+00
       470      2  0.3174053E-06 -0.3042374E-07  0.2171527E-02  0.3765761E-03 -0.9523246E-02  0.7435845E-07
       470      3  0.1270678E-05 -0.1004406E-06  0.4352805E-02  0.7428958E-03 -0.3809523E-01  0.2973375E-06
       470      4  0.7654840E-05  0.3405143E-06  0.1074255E-01  0.1626364E-02 -0.2386784E+00  0.1842644E-05

       480      0  0.0000000E+00  0.0000000E+00  0.0000000E+00  0.0000000E+00  0.0000000E+00  0.0000000E+00
       480      1  0.0000000E+00  0.0000000E+00  0.0000000E+00  0.0000000E+00  0.0000000E+00  0.0000000E+00
       480      2 -0.2077661E-07  0.3637205E-07  0.2178875E-02  0.3575218E-03 -0.9685176E-02  0.7589739E-07
       480      3 -0.8996999E-07  0.1725836E-06  0.4352265E-02  0.7019980E-03 -0.3874313E-01  0.3034955E-06
       480      4 -0.1170702E-05  0.2239166E-05  0.1046390E-01  0.1476572E-02 -0.2427715E+00  0.1880405E-05

       490      0  0.0000000E+00  0.0000000E+00  0.0000000E+00  0.0000000E+00  0.0000000E+00  0.0000000E+00
       490      1  0.0000000E+00  0.0000000E+00  0.0000000E+00  0.0000000E+00  0.0000000E+00  0.0000000E+00
       490      2  0.2329917E-06 -0.7992882E-07  0.2160562E-02  0.3342570E-03 -0.9845654E-02  0.7744316E-07
       490      3  0.9119950E-06 -0.2940993E-06  0.4299863E-02  0.6527364E-03 -0.3938521E-01  0.3096832E-06
       490      4  0.4536574E-05 -0.8023036E-06  0.1005012E-01  0.1307733E-02 -0.2468303E+00  0.1918384E-05

       500      0  0.0000000E+00  0.0000000E+00  0.0000000E+00  0.0000000E+00  0.0000000E+00  0.0000000E+00
       500      1  0.0000000E+00  0.0000000E+00  0.0000000E+00  0.0000000E+00  0.0000000E+00  0.0000000E+00
       500      2  0.1992080E-06  0.8021947E-07  0.2116803E-02  0.3070557E-03 -0.1000469E-01  0.7899749E-07
       500      3  0.7811077E-06  0.3437429E-06  0.4196221E-02  0.5956971E-03 -0.4002154E-01  0.3159072E-06
       500      4  0.3952524E-05  0.2992118E-05  0.9506528E-02  0.1122014E-02 -0.2508553E+00  0.1956596E-05

       510      0  0.0000000E+00  0.0000000E+00  0.0000000E+00  0.0000000E+00  0.0000000E+00  0.0000000E+00
       510      1  0.0000000E+00  0.0000000E+00  0.0000000E+00  0.0000000E+00  0.0000000E+00  0.0000000E+00
       510      2 -0.5433800E-07  0.4829311E-07  0.2048114E-02  0.2762382E-03 -0.1016229E-01  0.8056171E-07
       510      3 -0.2455468E-06  0.2182585E-06  0.4042577E-02  0.5315607E-03 -0.4065215E-01  0.3221722E-06
       510      4 -0.2937685E-05  0.2244395E-05  0.8840175E-02  0.9218226E-03 -0.2548467E+00  0.1995044E-05

       520      0  0.0000000E+00  0.0000000E+00  0.0000000E+00  0.0000000E+00  0.0000000E+00  0.0000000E+00
       520      1  0.0000000E+00  0.0000000E+00  0.0000000E+00  0.0000000E+00  0.0000000E+00  0.0000000E+00
       520      2  0.2623621E-06 -0.5157918E-08  0.1955306E-02  0.2421678E-03 -0.1031848E-01  0.8213667E-07
       520      3  0.1016640E-05 -0.2890228E-08  0.3840772E-02  0.4610931E-03 -0.4127710E-01  0.3284811E-06
       520      4  0.4812319E-05  0.4870044E-06  0.8059813E-02  0.7097683E-03 -0.2588049E+00  0.2033712E-05

       530      0  0.0000000E+00  0.0000000E+00  0.0000000E+00  0.0000000E+00  0.0000000E+00  0.0000000E+00
       530      1  0.0000000E+00  0.0000000E+00  0.0000000E+00  0.0000000E+00  0.0000000E+00  0.0000000E+00
       530      2  0.1647588E-07  0.1548735E-06  0.1839469E-02  0.2052455E-03 -0.1047326E-01  0.8372273E-07
       530      3  0.3818213E-07  0.6339428E-06  0.3593207E-02  0.3851328E-03 -0.4189643E-01  0.3348346E-06
       530      4 -0.9827856E-06  0.4271007E-05  0.7175469E-02  0.4885688E-03 -0.2627303E+00  0.2072571E-05

       540      0  0.0000000E+00  0.0000000E+00  0.0000000E+00  0.0000000E+00  0.0000000E+00  0.0000000E+00
       540      1  0.0000000E+00  0.0000000E+00  0.0000000E+00  0.0000000E+00  0.0000000E+00  0.0000000E+00
       540      2 -0.4740137E-07  0.3755438E-07  0.1701971E-02  0.1659064E-03 -0.1062665E-01  0.8531972E-07
       540      3 -0.2288259E-06  0.1619618E-06  0.3302838E-02  0.3045862E-03 -0.4251019E-01  0.3412315E-06
       540      4 -0.3059411E-05  0.1175332E-05  0.6198625E-02  0.2610957E-03 -0.2666232E+00  0.2111578E-05

       550      0  0.0000000E+00  0.0000000E+00  0.0000000E+00  0.0000000E+00  0.0000000E+00  0.0000000E+00
       550      1  0.0000000E+00  0.0000000E+00  0.0000000E+00  0.0000000E+00  0.0000000E+00  0.0000000E+00
       550      2  0.2008289E-06  0.6919915E-07  0.1544431E-02  0.1246138E-03 -0.1077866E-01  0.8692698E-07
       550      3  0.7703108E-06  0.2780863E-06  0.2973131E-02  0.2204135E-03 -0.4311844E-01  0.3476682E-06
       550      4  0.3544102E-05  0.1425136E-05  0.5141974E-02  0.3029233E-04 -0.2704840E+00  0.2150678E-05

       560      0  0.0000000E+00  0.0000000E+00  0.0000000E+00  0.0000000E+00  0.0000000E+00  0.0000000E+00
       560      1  0.0000000E+00  0.0000000E+00  0.0000000E+00  0.0000000E+00  0.0000000E+00  0.0000000E+00
       560      2 -0.1553374E-06  0.1628345E-06  0.1368703E-02  0.8185382E-04 -0.1092929E-01  0.8854333E-07
       560      3 -0.6501319E-06  0.6498995E-06  0.2608012E-02  0.1336166E-03 -0.4372121E-01  0.3541394E-06
       560      4 -0.5040450E-05  0.3627484E-05  0.4019107E-02 -0.2008821E-03 -0.2743131E+00  0.2189809E-05

       570      0  0.0000000E+00  0.0000000E+00  0.0000000E+00  0.0000000E+00  0.0000000E+00  0.0000000E+00
       570      1  0.0000000E+00  0.0000000E+00  0.0000000E+00  0.0000000E+00  0.0000000E+00  0.0000000E+00
       570      2 -0.3180645E-08  0.8811747E-08  0.1176858E-02  0.3813031E-04 -0.1107857E-01  0.9016718E-07
       570      3 -0.4673364E-07  0.2712010E-07  0.2211836E-02  0.4523084E-04 -0.4431857E-01  0.3606381E-06
       570      4 -0.1419574E-05 -0.5311877E-06  0.2844571E-02 -0.4294295E-03 -0.2781109E+00  0.2228901E-05

       580      0  0.0000000E+00  0.0000000E+00  0.0000000E+00  0.0000000E+00  0.0000000E+00  0.0000000E+00
       580      1  0.0000000E+00  0.0000000E+00  0.0000000E+00  0.0000000E+00  0.0000000E+00  0.0000000E+00
       580      2  0.7353530E-07  0.1124634E-06  0.9711561E-03 -0.6041921E-05 -0.1122651E-01  0.9179660E-07
       580      3  0.2749799E-06  0.4324176E-06  0.1789325E-02 -0.4369123E-04 -0.4491056E-01  0.3671559E-06
       580      4  0.1312879E-05  0.1629261E-05  0.1633548E-02 -0.6524084E-03 -0.2818776E+00  0.2267883E-05

       590      0  0.0000000E+00  0.0000000E+00  0.0000000E+00  0.0000000E+00  0.0000000E+00  0.0000000E+00
       590      1  0.0000000E+00  0.0000000E+00  0.0000000E+00  0.0000000E+00  0.0000000E+00  0.0000000E+00
       590      2 -0.2453612E-06  0.1008852E-06  0.7540190E-03 -0.5014277E-04 -0.1137311E-01  0.9342939E-07
       590      3 -0.9984774E-06  0.3850100E-06  0.1345512E-02 -0.1320911E-03 -0.4549724E-01  0.3736837E-06
       590      4 -0.6485539E-05  0.1344242E-05  0.4016217E-03 -0.8669579E-03 -0.2856137E+00  0.2306685E-05

       600      0  0.0000000E+00  0.0000000E+00  0.0000000E+00  0.0000000E+00  0.0000000E+00  0.0000000E+00
       600      1  0.0000000E+00  0.0000000E+00  0.0000000E+00  0.0000000E+00  0.0000000E+00  0.0000000E+00
       600      2  0.5963825E-07 -0.2599721E-07  0.5280045E-03 -0.9365278E-04 -0.1151840E-01  0.9506317E-07
       600      3  0.2251246E-06 -0.1302999E-06  0.8856870E-03 -0.2189147E-03 -0.4607866E-01  0.3802116E-06
       600      4  0.1340908E-05 -0.2138243E-05 -0.8353066E-03 -0.1070304E-02 -0.2893197E+00  0.2345244E-05

       610      0  0.0000000E+00  0.0000000E+00  0.0000000E+00  0.0000000E+00  0.0000000E+00  0.0000000E+00
       610      1  0.0000000E+00  0.0000000E+00  0.0000000E+00  0.0000000E+00  0.0000000E+00  0.0000000E+00
       610      2 -0.6706583E-07  0.1066473E-06  0.2957740E-03 -0.1360597E-03 -0.1166238E-01  0.9669555E-07
       610      3 -0.2641202E-06  0.3960898E-06  0.4153275E-03 -0.3031290E-03 -0.4665487E-01  0.3867300E-06
       610      4 -0.9311480E-06  0.1051126E-05 -0.2061278E-02 -0.1259838E-02 -0.2929957E+00  0.2383503E-05

       620      0  0.0000000E+00  0.0000000E+00  0.0000000E+00  0.0000000E+00  0.0000000E+00  0.0000000E+00
       620      1  0.0000000E+00  0.0000000E+00  0.0000000E+00  0.0000000E+00  0.0000000E+00  0.0000000E+00
       620      2 -0.2165381E-06 -0.5405803E-08  0.6006217E-04 -0.1768642E-03 -0.1180507E-01  0.9832418E-07
       620      3 -0.8624122E-06 -0.5093932E-07 -0.5996597E-04 -0.3837314E-03 -0.4722594E-01  0.3932295E-06
       620      4 -0.4702284E-05 -0.1587826E-05 -0.3260548E-02 -0.1433130E-02 -0.2966424E+00  0.2421415E-05

       630      0  0.0000000E+00  0.0000000E+00  0.0000000E+00  0.0000000E+00  0.0000000E+00  0.0000000E+00
       630      1  0.0000000E+00  0.0000000E+00  0.0000000E+00  0.0000000E+00  0.0000000E+00  0.0000000E+00
       630      2  0.1147939E-06 -0.5261412E-07 -0.1763551E-03 -0.2155857E-03 -0.1194649E-01  0.9994689E-07
       630      3  0.4738735E-06 -0.2450576E-06 -0.5345309E-03 -0.4597617E-03 -0.4779190E-01  0.3997016E-06
       630      4  0.4072259E-05 -0.2928679E-05 -0.4417685E-02 -0.1587948E-02 -0.3002599E+00  0.2458950E-05

       640      0  0.0000000E+00  0.0000000E+00  0.0000000E+00  0.0000000E+00  0.0000000E+00  0.0000000E+00
       640      1  0.0000000E+00  0.0000000E+00  0.0000000E+00  0.0000000E+00  0.0000000E+00  0.0000000E+00
       640      2 -0.1628184E-06  0.5393084E-07 -0.4106939E-03 -0.2517685E-03 -0.1208663E-01  0.1015618E-06
       640      3 -0.6234636E-06  0.1840209E-06 -0.1002716E-02 -0.5303156E-03 -0.4835282E-01  0.4061392E-06
       640      4 -0.2271715E-05 -0.1976449E-07 -0.5517768E-02 -0.1722311E-02 -0.3038486E+00  0.2496088E-05

       650      0  0.0000000E+00  0.0000000E+00  0.0000000E+00  0.0000000E+00  0.0000000E+00  0.0000000E+00
       650      1  0.0000000E+00  0.0000000E+00  0.0000000E+00  0.0000000E+00  0.0000000E+00  0.0000000E+00
       650      2 -0.8087607E-07 -0.1122386E-06 -0.6401952E-03 -0.2849865E-03 -0.1222553E-01  0.1031674E-06
       650      3 -0.2983180E-06 -0.4772810E-06 -0.1458950E-02 -0.5945534E-03 -0.4890874E-01  0.4125368E-06
       650      4 -0.4576366E-06 -0.3900204E-05 -0.6546742E-02 -0.1834505E-02 -0.3074089E+00  0.2532827E-05

       660      0  0.0000000E+00  0.0000000E+00  0.0000000E+00  0.0000000E+00  0.0000000E+00  0.0000000E+00
       660      1  0.0000000E+00  0.0000000E+00  0.0000000E+00  0.0000000E+00  0.0000000E+00  0.0000000E+00
       660      2  0.1394337E-06 -0.6030348E-07 -0.8621566E-03 -0.3148486E-03 -0.1236319E-01  0.1047626E-06
       660      3  0.5962882E-06 -0.2697173E-06 -0.1897799E-02 -0.6517104E-03 -0.4945973E-01  0.4188906E-06
       660      4  0.5596476E-05 -0.2526355E-05 -0.7491373E-02 -0.1923089E-02 -0.3109411E+00  0.2569181E-05

       670      0  0.0000000E+00  0.0000000E+00  0.0000000E+00  0.0000000E+00  0.0000000E+00  0.0000000E+00
       670      1  0.0000000E+00  0.0000000E+00  0.0000000E+00  0.0000000E+00  0.0000000E+00  0.0000000E+00
       670      2 -0.1739113E-06 -0.2414808E-07 -0.1073965E-02 -0.3410033E-03 -0.1249962E-01  0.1063467E-06
       670      3 -0.6538590E-06 -0.1160692E-06 -0.2314040E-02 -0.7011073E-03 -0.5000582E-01  0.4251992E-06
       670      4 -0.2198283E-05 -0.1098287E-05 -0.8339511E-02 -0.1986936E-02 -0.3144456E+00  0.2605178E-05

       680      0  0.0000000E+00  0.0000000E+00  0.0000000E+00  0.0000000E+00  0.0000000E+00  0.0000000E+00
       680      1  0.0000000E+00  0.0000000E+00  0.0000000E+00  0.0000000E+00  0.0000000E+00  0.0000000E+00
       680      2  0.1055580E-06 -0.1756330E-06 -0.1273126E-02 -0.3631428E-03 -0.1263484E-01  0.1079198E-06
       680      3  0.4599628E-06 -0.7173536E-06 -0.2702724E-02 -0.7421568E-03 -0.5054706E-01  0.4314631E-06
       680      4  0.4428795E-05 -0.4596326E-05 -0.9080402E-02 -0.2025245E-02 -0.3179226E+00  0.2640859E-05

       690      0  0.0000000E+00  0.0000000E+00  0.0000000E+00  0.0000000E+00  0.0000000E+00  0.0000000E+00
       690      1  0.0000000E+00  0.0000000E+00  0.0000000E+00  0.0000000E+00  0.0000000E+00  0.0000000E+00
       690      2  0.1235918E-06 -0.4618343E-07 -0.1457296E-02 -0.3810063E-03 -0.1276886E-01  0.1094822E-06
       690      3  0.5417171E-06 -0.1942856E-06 -0.3059222E-02 -0.7743704E-03 -0.5108351E-01  0.4376848E-06
       690      4  0.5218716E-05 -0.1074277E-05 -0.9704490E-02 -0.2037523E-02 -0.3213725E+00  0.2676276E-05

       700      0  0.0000000E+00  0.0000000E+00  0.0000000E+00  0.0000000E+00  0.0000000E+00  0.0000000E+00
       700      1  0.0000000E+00  0.0000000E+00  0.0000000E+00  0.0000000E+00  0.0000000E+00  0.0000000E+00
       700      2 -0.9542367E-07 -0.9549330E-07 -0.1624306E-02 -0.3943839E-03 -0.1290168E-01  0.1110350E-06
       700      3 -0.3423542E-06 -0.3799326E-06 -0.3379295E-02 -0.7973662E-03 -0.5161521E-01  0.4438691E-06
       700      4 -0.7965523E-06 -0.1722225E-05 -0.1020382E-01 -0.2023631E-02 -0.3247954E+00  0.2711488E-05

       710      0  0.0000000E+00  0.0000000E+00  0.0000000E+00  0.0000000E+00  0.0000000E+00  0.0000000E+00
       710      1  0.0000000E+00  0.0000000E+00  0.0000000E+00  0.0000000E+00  0.0000000E+00  0.0000000E+00
       710      2  0.2658161E-06 -0.1695367E-06 -0.1772191E-02 -0.4031180E-03 -0.1303333E-01  0.1125794E-06
       710      3  0.1098096E-05 -0.6717218E-06 -0.3659140E-02 -0.8108713E-03 -0.5214219E-01  0.4500222E-06
       710      4  0.7865953E-05 -0.3381471E-05 -0.1057212E-01 -0.1983768E-02 -0.3281918E+00  0.2746562E-05

       720      0  0.0000000E+00  0.0000000E+00  0.0000000E+00  0.0000000E+00  0.0000000E+00  0.0000000E+00
       720      1  0.0000000E+00  0.0000000E+00  0.0000000E+00  0.0000000E+00  0.0000000E+00  0.0000000E+00
       720      2  0.7422852E-07 -0.1629623E-07 -0.1899210E-02 -0.4071058E-03 -0.1316381E-01  0.1141173E-06
       720      3  0.3331352E-06 -0.5026367E-07 -0.3895425E-02 -0.8147251E-03 -0.5266451E-01  0.4561520E-06
       720      4  0.3045706E-05  0.8145490E-06 -0.1080462E-01 -0.1918438E-02 -0.3315618E+00  0.2781563E-05

       730      0  0.0000000E+00  0.0000000E+00  0.0000000E+00  0.0000000E+00  0.0000000E+00  0.0000000E+00
       730      1  0.0000000E+00  0.0000000E+00  0.0000000E+00  0.0000000E+00  0.0000000E+00  0.0000000E+00
       730      2  0.4050776E-07 -0.1306439E-06 -0.2003868E-02 -0.4063007E-03 -0.1329312E-01  0.1156508E-06
       730      3  0.1822611E-06 -0.4982125E-06 -0.4085347E-02 -0.8088838E-03 -0.5318220E-01  0.4622675E-06
       730      4  0.1310942E-05 -0.1649079E-05 -0.1089845E-01 -0.1828509E-02 -0.3349057E+00  0.2816558E-05

       740      0  0.0000000E+00  0.0000000E+00  0.0000000E+00  0.0000000E+00  0.0000000E+00  0.0000000E+00
       740      1  0.0000000E+00  0.0000000E+00  0.0000000E+00  0.0000000E+00  0.0000000E+00  0.0000000E+00
       740      2  0.3338370E-06 -0.9653317E-07 -0.2084933E-02 -0.4007122E-03 -0.1342129E-01  0.1171821E-06
       740      3  0.1351608E-05 -0.3593683E-06 -0.4226651E-02 -0.7934175E-03 -0.5369530E-01  0.4683781E-06
       740      4  0.8387136E-05 -0.7873177E-06 -0.1085253E-01 -0.1715146E-02 -0.3382237E+00  0.2851605E-05

       750      0  0.0000000E+00  0.0000000E+00  0.0000000E+00  0.0000000E+00  0.0000000E+00  0.0000000E+00
       750      1  0.0000000E+00  0.0000000E+00  0.0000000E+00  0.0000000E+00  0.0000000E+00  0.0000000E+00
       750      2  0.1219235E-07  0.1697473E-07 -0.2141451E-02 -0.3904061E-03 -0.1354832E-01  0.1187137E-06
       750      3  0.5753725E-07  0.1025327E-06 -0.4317654E-02 -0.7685104E-03 -0.5420385E-01  0.4744938E-06
       750      4 -0.3558583E-07  0.2317358E-05 -0.1066737E-01 -0.1579796E-02 -0.3415161E+00  0.2886754E-05

       760      0  0.0000000E+00  0.0000000E+00  0.0000000E+00  0.0000000E+00  0.0000000E+00  0.0000000E+00
       760      1  0.0000000E+00  0.0000000E+00  0.0000000E+00  0.0000000E+00  0.0000000E+00  0.0000000E+00
       760      2  0.1778502E-06 -0.1149390E-06 -0.2172759E-02 -0.3755041E-03 -0.1367421E-01  0.1202480E-06
       760      3  0.7026846E-06 -0.4217367E-06 -0.4357287E-02 -0.7344614E-03 -0.5470788E-01  0.4806239E-06
       760      4  0.3238943E-05 -0.9480325E-06 -0.1034555E-01 -0.1424229E-02 -0.3447832E+00  0.2922047E-05

       770      0  0.0000000E+00  0.0000000E+00  0.0000000E+00  0.0000000E+00  0.0000000E+00  0.0000000E+00
       770      1  0.0000000E+00  0.0000000E+00  0.0000000E+00  0.0000000E+00  0.0000000E+00  0.0000000E+00
       770      2  0.2816859E-06  0.1325193E-07 -0.2178488E-02 -0.3561816E-03 -0.1379899E-01  0.1217871E-06
       770      3  0.1115539E-05  0.9020763E-07 -0.4345079E-02 -0.6916754E-03 -0.5520743E-01  0.4867773E-06
       770      4  0.5776302E-05  0.2061134E-05 -0.9891222E-02 -0.1250435E-02 -0.3480251E+00  0.2957509E-05

       780      0  0.0000000E+00  0.0000000E+00  0.0000000E+00  0.0000000E+00  0.0000000E+00  0.0000000E+00
       780      1  0.0000000E+00  0.0000000E+00  0.0000000E+00  0.0000000E+00  0.0000000E+00  0.0000000E+00
       780      2 -0.3657600E-07  0.4003778E-07 -0.2158570E-02 -0.3326661E-03 -0.1392265E-01  0.1233333E-06
       780      3 -0.1703362E-06  0.2008576E-06 -0.4281179E-02 -0.6406622E-03 -0.5570253E-01  0.4929618E-06
       780      4 -0.2720309E-05  0.2761585E-05 -0.9310192E-02 -0.1060642E-02 -0.3512422E+00  0.2993153E-05

       790      0  0.0000000E+00  0.0000000E+00  0.0000000E+00  0.0000000E+00  0.0000000E+00  0.0000000E+00
       790      1  0.0000000E+00  0.0000000E+00  0.0000000E+00  0.0000000E+00  0.0000000E+00  0.0000000E+00
       790      2  0.2597751E-06 -0.5463155E-07 -0.2113242E-02 -0.3052348E-03 -0.1404520E-01  0.1248880E-06
       790      3  0.1003072E-05 -0.1819406E-06 -0.4166359E-02 -0.5820308E-03 -0.5619323E-01  0.4991833E-06
       790      4  0.4208922E-05  0.4642792E-07 -0.8610083E-02 -0.8573106E-03 -0.3544346E+00  0.3028974E-05

       800      0  0.0000000E+00  0.0000000E+00  0.0000000E+00  0.0000000E+00  0.0000000E+00  0.0000000E+00
       800      1  0.0000000E+00  0.0000000E+00  0.0000000E+00  0.0000000E+00  0.0000000E+00  0.0000000E+00
       800      2  0.1310330E-06  0.1145830E-06 -0.2043038E-02 -0.2742104E-03 -0.1416666E-01  0.1264527E-06
       800      3  0.4879328E-06  0.4906897E-06 -0.4001984E-02 -0.5164779E-03 -0.5667954E-01  0.5054464E-06
       800      4  0.1157973E-05  0.3933668E-05 -0.7799832E-02 -0.6430285E-03 -0.3576026E+00  0.3064954E-05

       810      0  0.0000000E+00  0.0000000E+00  0.0000000E+00  0.0000000E+00  0.0000000E+00  0.0000000E+00
       810      1  0.0000000E+00  0.0000000E+00  0.0000000E+00  0.0000000E+00  0.0000000E+00  0.0000000E+00
       810      2 -0.5188731E-07  0.4364688E-07 -0.1948784E-02 -0.2399585E-03 -0.1428703E-01  0.1280282E-06
       810      3 -0.2558073E-06  0.2042494E-06 -0.3790015E-02 -0.4447846E-03 -0.5716151E-01  0.5117535E-06
       810      4 -0.3840374E-05  0.1926325E-05 -0.6889859E-02 -0.4205490E-03 -0.3607465E+00  0.3101059E-05

       820      0  0.0000000E+00  0.0000000E+00  0.0000000E+00  0.0000000E+00  0.0000000E+00  0.0000000E+00
       820      1  0.0000000E+00  0.0000000E+00  0.0000000E+00  0.0000000E+00  0.0000000E+00  0.0000000E+00
       820      2  0.2521747E-06  0.2559771E-07 -0.1831592E-02 -0.2028823E-03 -0.1440632E-01  0.1296148E-06
       820      3  0.9585298E-06  0.1220495E-06 -0.3532984E-02 -0.3678048E-03 -0.5763918E-01  0.5181048E-06
       820      4  0.3861266E-05  0.8919415E-06 -0.5891928E-02 -0.1927353E-03 -0.3638665E+00  0.3137244E-05

       830      0  0.0000000E+00  0.0000000E+00  0.0000000E+00  0.0000000E+00  0.0000000E+00  0.0000000E+00
       830      1  0.0000000E+00  0.0000000E+00  0.0000000E+00  0.0000000E+00  0.0000000E+00  0.0000000E+00
       830      2 -0.5584514E-07  0.1657537E-06 -0.1692840E-02 -0.1634181E-03 -0.1452454E-01  0.1312122E-06
       830      3 -0.2708580E-06  0.6761648E-06 -0.3233944E-02 -0.2864532E-03 -0.5811258E-01  0.5244985E-06
       830      4 -0.3486436E-05  0.4026168E-05 -0.4818765E-02  0.3751859E-04 -0.3669629E+00  0.3173452E-05

       840      0  0.0000000E+00  0.0000000E+00  0.0000000E+00  0.0000000E+00  0.0000000E+00  0.0000000E+00
       840      1  0.0000000E+00  0.0000000E+00  0.0000000E+00  0.0000000E+00  0.0000000E+00  0.0000000E+00
       840      2 -0.2766147E-07  0.2660600E-07 -0.1534163E-02 -0.1220308E-03 -0.1464170E-01  0.1328199E-06
       840      3 -0.1636500E-06  0.1116925E-06 -0.2896461E-02 -0.2016987E-03 -0.5858175E-01  0.5309308E-06
       840      4 -0.2874674E-05  0.1502196E-06 -0.3684156E-02  0.2672537E-03 -0.3700360E+00  0.3209620E-05

       850      0  0.0000000E+00  0.0000000E+00  0.0000000E+00  0.0000000E+00  0.0000000E+00  0.0000000E+00
       850      1  0.0000000E+00  0.0000000E+00  0.0000000E+00  0.0000000E+00  0.0000000E+00  0.0000000E+00
       850      2  0.1578664E-06  0.9273845E-07 -0.1357430E-02 -0.7920753E-04 -0.1475781E-01  0.1344366E-06
       850      3  0.5870564E-06  0.3643646E-06 -0.2524553E-02 -0.1145493E-03 -0.5904672E-01  0.5373958E-06
       850      4  0.2385937E-05  0.1233624E-05 -0.2502664E-02  0.4935321E-03 -0.3730861E+00  0.3245677E-05

       860      0  0.0000000E+00  0.0000000E+00  0.0000000E+00  0.0000000E+00  0.0000000E+00  0.0000000E+00
       860      1  0.0000000E+00  0.0000000E+00  0.0000000E+00  0.0000000E+00  0.0000000E+00  0.0000000E+00
       860      2 -0.2018051E-06  0.1457532E-06 -0.1164720E-02 -0.3545224E-04 -0.1487288E-01  0.1360606E-06
       860      3 -0.8461524E-06  0.5698563E-06 -0.2122640E-02 -0.2604053E-04 -0.5950754E-01  0.5438863E-06
       860      4 -0.6168478E-05  0.2305893E-05 -0.1289361E-02  0.7134792E-03 -0.3761134E+00  0.3281556E-05

       870      0  0.0000000E+00  0.0000000E+00  0.0000000E+00  0.0000000E+00  0.0000000E+00  0.0000000E+00
       870      1  0.0000000E+00  0.0000000E+00  0.0000000E+00  0.0000000E+00  0.0000000E+00  0.0000000E+00
       870      2  0.2566294E-07 -0.3859520E-08 -0.9583027E-03  0.8719843E-05 -0.1498692E-01  0.1376901E-06
       870      3  0.6735723E-07 -0.3813835E-07 -0.1695508E-02  0.6277396E-04 -0.5996426E-01  0.5503939E-06
       870      4 -0.1915825E-06 -0.1806058E-05 -0.5977790E-04  0.9242748E-03 -0.3791182E+00  0.3317188E-05

       880      0  0.0000000E+00  0.0000000E+00  0.0000000E+00  0.0000000E+00  0.0000000E+00  0.0000000E+00
       880      1  0.0000000E+00  0.0000000E+00  0.0000000E+00  0.0000000E+00  0.0000000E+00  0.0000000E+00
       880      2  0.1556775E-07  0.1190305E-06 -0.7406084E-03  0.5278890E-04 -0.1509994E-01  0.1393228E-06
       880      3  0.4232835E-07  0.4444720E-06 -0.1248238E-02  0.1508391E-03 -0.6041689E-01  0.5569090E-06
       880      4  0.4250204E-06  0.9517030E-06  0.1170352E-02  0.1123235E-02 -0.3821008E+00  0.3352513E-05

       890      0  0.0000000E+00  0.0000000E+00  0.0000000E+00  0.0000000E+00  0.0000000E+00  0.0000000E+00
       890      1  0.0000000E+00  0.0000000E+00  0.0000000E+00  0.0000000E+00  0.0000000E+00  0.0000000E+00
       890      2 -0.2466785E-06  0.6289226E-07 -0.5141990E-03  0.9623628E-04 -0.1521194E-01  0.1409564E-06
       890      3 -0.9994365E-06  0.2159014E-06 -0.7861457E-03  0.2371084E-03 -0.6086550E-01  0.5634219E-06
       890      4 -0.5744640E-05 -0.4775313E-06  0.2385358E-02  0.1307834E-02 -0.3850615E+00  0.3387476E-05

       900      0  0.0000000E+00  0.0000000E+00  0.0000000E+00  0.0000000E+00  0.0000000E+00  0.0000000E+00
       900      1  0.0000000E+00  0.0000000E+00  0.0000000E+00  0.0000000E+00  0.0000000E+00  0.0000000E+00
       900      2  0.8562173E-07 -0.3516698E-07 -0.2817400E-03  0.1385505E-03 -0.1532295E-01  0.1425884E-06
       900      3  0.3407434E-06 -0.1830735E-06 -0.3147278E-03  0.3205559E-03 -0.6131013E-01  0.5699231E-06
       900      4  0.3088964E-05 -0.3086869E-05  0.3569746E-02  0.1475714E-02 -0.3880006E+00  0.3422038E-05

       910      0  0.0000000E+00  0.0000000E+00  0.0000000E+00  0.0000000E+00  0.0000000E+00  0.0000000E+00
       910      1  0.0000000E+00  0.0000000E+00  0.0000000E+00  0.0000000E+00  0.0000000E+00  0.0000000E+00
       910      2 -0.1159904E-06  0.9343944E-07 -0.4596743E-04  0.1792337E-03 -0.1543296E-01  0.1442165E-06
       910      3 -0.4498037E-06  0.3288521E-06  0.1604120E-03  0.4001908E-03 -0.6175081E-01  0.5764033E-06
       910      4 -0.1204812E-05  0.2004684E-06  0.4708374E-02  0.1624742E-02 -0.3909183E+00  0.3456170E-05

       920      0  0.0000000E+00  0.0000000E+00  0.0000000E+00  0.0000000E+00  0.0000000E+00  0.0000000E+00
       920      1  0.0000000E+00  0.0000000E+00  0.0000000E+00  0.0000000E+00  0.0000000E+00  0.0000000E+00
       920      2 -0.1720728E-06 -0.4865092E-07  0.1903440E-03  0.2178072E-03 -0.1554200E-01  0.1458386E-06
       920      3 -0.6672585E-06 -0.2389829E-06  0.6336286E-03  0.4750671E-03 -0.6218759E-01  0.5828543E-06
       920      4 -0.2404756E-05 -0.3118919E-05  0.5786802E-02  0.1753035E-02 -0.3938149E+00  0.3489860E-05

       930      0  0.0000000E+00  0.0000000E+00  0.0000000E+00  0.0000000E+00  0.0000000E+00  0.0000000E+00
       930      1  0.0000000E+00  0.0000000E+00  0.0000000E+00  0.0000000E+00  0.0000000E+00  0.0000000E+00
       930      2  0.1271906E-06 -0.5457689E-07  0.4244130E-03  0.2538168E-03 -0.1565007E-01  0.1474528E-06
       930      3  0.5426669E-06 -0.2632898E-06  0.1099297E-02  0.5442952E-03 -0.6262051E-01  0.5892694E-06
       930      4  0.5563835E-05 -0.3117199E-05  0.6791303E-02  0.1858959E-02 -0.3966906E+00  0.3523108E-05

       940      0  0.0000000E+00  0.0000000E+00  0.0000000E+00  0.0000000E+00  0.0000000E+00  0.0000000E+00
       940      1  0.0000000E+00  0.0000000E+00  0.0000000E+00  0.0000000E+00  0.0000000E+00  0.0000000E+00
       940      2 -0.1822973E-06  0.2628429E-07  0.6534847E-03  0.2868391E-03 -0.1575718E-01  0.1490575E-06
       940      3 -0.6848896E-06  0.6500436E-07  0.1551884E-02  0.6070536E-03 -0.6304960E-01  0.5956433E-06
       940      4 -0.1850225E-05 -0.6725431E-06  0.7709052E-02  0.1941175E-02 -0.3995457E+00  0.3555933E-05

       950      0  0.0000000E+00  0.0000000E+00  0.0000000E+00  0.0000000E+00  0.0000000E+00  0.0000000E+00
       950      1  0.0000000E+00  0.0000000E+00  0.0000000E+00  0.0000000E+00  0.0000000E+00  0.0000000E+00
       950      2 -0.8906794E-08 -0.1429307E-06  0.8748638E-03  0.3164854E-03 -0.1586335E-01  0.1506518E-06
       950      3  0.1249990E-07 -0.6063298E-06  0.1986018E-02  0.6625974E-03 -0.6347493E-01  0.6019730E-06
       950      4  0.2412677E-05 -0.4479645E-05  0.8528495E-02  0.1998657E-02 -0.4023804E+00  0.3588365E-05

       960      0  0.0000000E+00  0.0000000E+00  0.0000000E+00  0.0000000E+00  0.0000000E+00  0.0000000E+00
       960      1  0.0000000E+00  0.0000000E+00  0.0000000E+00  0.0000000E+00  0.0000000E+00  0.0000000E+00
       960      2  0.1332363E-06 -0.5437950E-07  0.1085945E-02  0.3424069E-03 -0.1596857E-01  0.1522351E-06
       960      3  0.5893949E-06 -0.2460440E-06  0.2396539E-02  0.7102672E-03 -0.6389651E-01  0.6082572E-06
       960      4  0.6149514E-05 -0.1861272E-05  0.9239191E-02  0.2030674E-02 -0.4051949E+00  0.3620449E-05

       970      0  0.0000000E+00  0.0000000E+00  0.0000000E+00  0.0000000E+00  0.0000000E+00  0.0000000E+00
       970      1  0.0000000E+00  0.0000000E+00  0.0000000E+00  0.0000000E+00  0.0000000E+00  0.0000000E+00
       970      2 -0.1556420E-06 -0.5492219E-07  0.1284245E-02  0.3642987E-03 -0.1607287E-01  0.1538074E-06
       970      3 -0.5647649E-06 -0.2380659E-06  0.2778574E-02  0.7494979E-03 -0.6431439E-01  0.6144969E-06
       970      4 -0.1280431E-05 -0.1285942E-05  0.9832111E-02  0.2036831E-02 -0.4079895E+00  0.3652239E-05

       980      0  0.0000000E+00  0.0000000E+00  0.0000000E+00  0.0000000E+00  0.0000000E+00  0.0000000E+00
       980      1  0.0000000E+00  0.0000000E+00  0.0000000E+00  0.0000000E+00  0.0000000E+00  0.0000000E+00
       980      2  0.1754081E-06 -0.1811620E-06  0.1467430E-02  0.3819034E-03 -0.1617624E-01  0.1553690E-06
       980      3  0.7578758E-06 -0.7340261E-06  0.3127593E-02  0.7798249E-03 -0.6472860E-01  0.6206951E-06
       980      4  0.6640537E-05 -0.3978553E-05  0.1029988E-01  0.2017076E-02 -0.4107642E+00  0.3683795E-05

       990      0  0.0000000E+00  0.0000000E+00  0.0000000E+00  0.0000000E+00  0.0000000E+00  0.0000000E+00
       990      1  0.0000000E+00  0.0000000E+00  0.0000000E+00  0.0000000E+00  0.0000000E+00  0.0000000E+00
       990      2  0.1015888E-06 -0.3495503E-07  0.1633345E-02  0.3950138E-03 -0.1627871E-01  0.1569210E-06
       990      3  0.4621244E-06 -0.1390544E-06  0.3439449E-02  0.8008881E-03 -0.6513918E-01  0.6268569E-06
       990      4  0.4558955E-05  0.1524710E-06  0.1063649E-01  0.1971654E-02 -0.4135194E+00  0.3715184E-05

      1000      0  0.0000000E+00  0.0000000E+00  0.0000000E+00  0.0000000E+00  0.0000000E+00  0.0000000E+00
      1000      1  0.0000000E+00  0.0000000E+00  0.0000000E+00  0.0000000E+00  0.0000000E+00  0.0000000E+00
      1000      2 -0.4668703E-07 -0.1167451E-06  0.1780038E-02  0.4034759E-03 -0.1638027E-01  0.1584647E-06
      1000      3 -0.1385063E-06 -0.4548638E-06  0.3710444E-02  0.8124394E-03 -0.6554617E-01  0.6329888E-06
      1000      4  0.2335319E-06 -0.1389735E-05  0.1083777E-01  0.1901167E-02 -0.4162552E+00  0.3746472E-05
