# number of rays:       5
# iteration   ray    X              A              Y              B              T              D
         0      0  0.0000000E+00  0.0000000E+00  0.0000000E+00  0.0000000E+00  0.0000000E+00  0.0000000E+00
         0      1  0.0000000E+00  0.0000000E+00  0.0000000E+00  0.0000000E+00  0.0000000E+00  0.0000000E+00
         0      2  0.0000000E+00  0.0000000E+00  0.1000000E-02  0.0000000E+00  0.0000000E+00  0.0000000E+00
         0      3  0.0000000E+00  0.0000000E+00  0.2000000E-02  0.0000000E+00  0.0000000E+00  0.0000000E+00
         0      4  0.0000000E+00  0.0000000E+00  0.5000000E-02  0.0000000E+00  0.0000000E+00  0.0000000E+00

        10      0  0.0000000E+00  0.0000000E+00  0.0000000E+00  0.0000000E+00  0.0000000E+00  0.0000000E+00
        10      1  0.0000000E+00  0.0000000E+00  0.0000000E+00  0.0000000E+00  0.0000000E+00  0.0000000E+00
        10      2  0.3854053E-08 -0.1599698E-06 -0.2195216E-02 -0.3936712E-03 -0.2479529E-03  0.1552464E-08
        10      3  0.2596348E-07 -0.6382242E-06 -0.4395763E-02 -0.7853355E-03 -0.9918064E-03  0.6202052E-08
        10      4  0.6422363E-06 -0.3909350E-05 -0.1106351E-01 -0.1924811E-02 -0.6198519E-02  0.3844005E-07

        20      0  0.0000000E+00  0.0000000E+00  0.0000000E+00  0.0000000E+00  0.0000000E+00  0.0000000E+00
        20      1  0.0000000E+00  0.0000000E+00  0.0000000E+00  0.0000000E+00  0.0000000E+00  0.0000000E+00
        20      2 -0.5883807E-06  0.1416247E-06  0.3291967E-03  0.2383662E-03 -0.4938261E-03  0.3505405E-08
        20      3 -0.2378767E-05  0.5505149E-06  0.7277439E-03  0.4873270E-03 -0.1975259E-02  0.1402552E-07
        20      4 -0.1590487E-04  0.2697462E-05  0.3017437E-02  0.1394796E-02 -0.1234332E-01  0.8771729E-07

        30      0  0.0000000E+00  0.0000000E+00  0.0000000E+00  0.0000000E+00  0.0000000E+00  0.0000000E+00
        30      1  0.0000000E+00  0.0000000E+00  0.0000000E+00  0.0000000E+00  0.0000000E+00  0.0000000E+00
        30      2  0.3375797E-06  0.2749945E-06  0.1995886E-02  0.2493394E-03 -0.7376581E-03  0.4881928E-08
        30      3  0.1335088E-05  0.1141667E-05  0.3944147E-02  0.4829147E-03 -0.2950609E-02  0.1953994E-07
        30      4  0.7240703E-05  0.8930679E-05  0.8876080E-02  0.9137194E-03 -0.1843998E-01  0.1228776E-06

        40      0  0.0000000E+00  0.0000000E+00  0.0000000E+00  0.0000000E+00  0.0000000E+00  0.0000000E+00
        40      1  0.0000000E+00  0.0000000E+00  0.0000000E+00  0.0000000E+00  0.0000000E+00  0.0000000E+00
        40      2  0.5191342E-06 -0.3272413E-06 -0.1537705E-02 -0.3893419E-03 -0.9788454E-03  0.6799486E-08
        40      3  0.2180668E-05 -0.1346947E-05 -0.3175290E-02 -0.7870076E-03 -0.3915328E-02  0.2716200E-07
        40      4  0.1872165E-04 -0.9650197E-05 -0.9451048E-02 -0.2057258E-02 -0.2446880E-01  0.1680247E-06

        50      0  0.0000000E+00  0.0000000E+00  0.0000000E+00  0.0000000E+00  0.0000000E+00  0.0000000E+00
        50      1  0.0000000E+00  0.0000000E+00  0.0000000E+00  0.0000000E+00  0.0000000E+00  0.0000000E+00
        50      2 -0.9188357E-07  0.1392566E-07 -0.1064801E-02 -0.1359277E-04 -0.1218408E-02  0.8409752E-08
        50      3 -0.4812600E-06  0.3144726E-07 -0.1973684E-02  0.5463714E-05 -0.4873539E-02  0.3368946E-07
        50      4 -0.7616178E-05 -0.1799583E-05 -0.2026224E-02  0.5771725E-03 -0.3045502E-01  0.2125616E-06

        60      0  0.0000000E+00  0.0000000E+00  0.0000000E+00  0.0000000E+00  0.0000000E+00  0.0000000E+00
        60      1  0.0000000E+00  0.0000000E+00  0.0000000E+00  0.0000000E+00  0.0000000E+00  0.0000000E+00
        60      2 -0.5862348E-07 -0.1235588E-06  0.2182447E-02  0.3975736E-03 -0.1455359E-02  0.9980900E-08
        60      3 -0.2276881E-06 -0.4108818E-06  0.4400101E-02  0.7836261E-03 -0.5821413E-02  0.3987688E-07
        60      4 -0.3100055E-05  0.1964666E-05  0.1091986E-01  0.1638919E-02 -0.3638291E-01  0.2480059E-06

        70      0  0.0000000E+00  0.0000000E+00  0.0000000E+00  0.0000000E+00  0.0000000E+00  0.0000000E+00
        70      1  0.0000000E+00  0.0000000E+00  0.0000000E+00  0.0000000E+00  0.0000000E+00  0.0000000E+00
        70      2 -0.5215703E-06  0.1739148E-06 -0.2566627E-03 -0.2271360E-03 -0.1690365E-02  0.1192323E-07
        70      3 -0.2032810E-05  0.6132091E-06 -0.7567395E-03 -0.4917277E-03 -0.6761307E-02  0.4770797E-07
        70      4 -0.7495121E-05  0.4122209E-06 -0.5887045E-02 -0.1764872E-02 -0.4225224E-01  0.2974616E-06

        80      0  0.0000000E+00  0.0000000E+00  0.0000000E+00  0.0000000E+00  0.0000000E+00  0.0000000E+00
        80      1  0.0000000E+00  0.0000000E+00  0.0000000E+00  0.0000000E+00  0.0000000E+00  0.0000000E+00
        80      2  0.4532173E-06  0.2237445E-06 -0.2027037E-02 -0.2600420E-03 -0.1923394E-02  0.1329841E-07
        80      3  0.1748949E-05  0.9718562E-06 -0.3930495E-02 -0.4784764E-03 -0.7693522E-02  0.5322475E-07
        80      4  0.6421099E-05  0.7539057E-05 -0.6652578E-02 -0.3597225E-03 -0.4808088E-01  0.3353405E-06

        90      0  0.0000000E+00  0.0000000E+00  0.0000000E+00  0.0000000E+00  0.0000000E+00  0.0000000E+00
        90      1  0.0000000E+00  0.0000000E+00  0.0000000E+00  0.0000000E+00  0.0000000E+00  0.0000000E+00
        90      2  0.4747914E-06 -0.3616999E-06  0.1484030E-02  0.3845917E-03 -0.2153900E-02  0.1522878E-07
        90      3  0.2078204E-05 -0.1514980E-05  0.3195800E-02  0.7886528E-03 -0.8615486E-02  0.6083541E-07
        90      4  0.1977346E-04 -0.9378708E-05  0.1070951E-01  0.2025852E-02 -0.5384450E-01  0.3762772E-06

       100      0  0.0000000E+00  0.0000000E+00  0.0000000E+00  0.0000000E+00  0.0000000E+00  0.0000000E+00
       100      1  0.0000000E+00  0.0000000E+00  0.0000000E+00  0.0000000E+00  0.0000000E+00  0.0000000E+00
       100      2 -0.1875668E-06  0.3886745E-07  0.1128454E-02  0.2717178E-04 -0.2382877E-02  0.1681947E-07
       100      3 -0.9823815E-06  0.1196111E-06  0.1947318E-02 -0.1091977E-04 -0.9531333E-02  0.6737894E-07
       100      4 -0.1245455E-04 -0.3755519E-05 -0.1108359E-02 -0.1108255E-02 -0.5956295E-01  0.4242758E-06

       110      0  0.0000000E+00  0.0000000E+00  0.0000000E+00  0.0000000E+00  0.0000000E+00  0.0000000E+00
       110      1  0.0000000E+00  0.0000000E+00  0.0000000E+00  0.0000000E+00  0.0000000E+00  0.0000000E+00
       110      2 -0.9698353E-07 -0.8694830E-07 -0.2167312E-02 -0.4010455E-03 -0.2609320E-02  0.1840979E-07
       110      3 -0.3583376E-06 -0.1864430E-06 -0.4404240E-02 -0.7818853E-03 -0.1043725E-01  0.7355179E-07
       110      4 -0.7122868E-05  0.7307402E-05 -0.9905816E-02 -0.1222462E-02 -0.6523305E-01  0.4587901E-06

       120      0  0.0000000E+00  0.0000000E+00  0.0000000E+00  0.0000000E+00  0.0000000E+00  0.0000000E+00
       120      1  0.0000000E+00  0.0000000E+00  0.0000000E+00  0.0000000E+00  0.0000000E+00  0.0000000E+00
       120      2 -0.4356002E-06  0.1941614E-06  0.1838436E-03  0.2156586E-03 -0.2833947E-02  0.2034039E-07
       120      3 -0.1603494E-05  0.6176017E-06  0.7856472E-03  0.4960987E-03 -0.1133554E-01  0.8139024E-07
       120      4  0.2799616E-05 -0.1332800E-05  0.8287104E-02  0.1994296E-02 -0.7084140E-01  0.5061099E-06

       130      0  0.0000000E+00  0.0000000E+00  0.0000000E+00  0.0000000E+00  0.0000000E+00  0.0000000E+00
       130      1  0.0000000E+00  0.0000000E+00  0.0000000E+00  0.0000000E+00  0.0000000E+00  0.0000000E+00
       130      2  0.5521055E-06  0.1659301E-06  0.2055996E-02  0.2704639E-03 -0.3056657E-02  0.2171555E-07
       130      3  0.2082202E-05  0.7749841E-06  0.3916701E-02  0.4740266E-03 -0.1222656E-01  0.8690952E-07
       130      4  0.5126028E-05  0.3936644E-05  0.3899809E-02 -0.2227464E-03 -0.7641265E-01  0.5480050E-06

       140      0  0.0000000E+00  0.0000000E+00  0.0000000E+00  0.0000000E+00  0.0000000E+00  0.0000000E+00
       140      1  0.0000000E+00  0.0000000E+00  0.0000000E+00  0.0000000E+00  0.0000000E+00  0.0000000E+00
       140      2  0.4040514E-06 -0.3862576E-06 -0.1428741E-02 -0.3794242E-03 -0.3276961E-02  0.2365768E-07
       140      3  0.1851279E-05 -0.1638340E-05 -0.3216121E-02 -0.7902595E-03 -0.1310769E-01  0.9450856E-07
       140      4  0.1632008E-04 -0.6867134E-05 -0.1111422E-01 -0.1833018E-02 -0.8192561E-01  0.5850717E-06

       150      0  0.0000000E+00  0.0000000E+00  0.0000000E+00  0.0000000E+00  0.0000000E+00  0.0000000E+00
       150      1  0.0000000E+00  0.0000000E+00  0.0000000E+00  0.0000000E+00  0.0000000E+00  0.0000000E+00
       150      2 -0.2800597E-06  0.7353070E-07 -0.1190892E-02 -0.4072318E-04 -0.3495827E-02  0.2522919E-07
       150      3 -0.1466548E-05  0.2573646E-06 -0.1920938E-02  0.1636080E-04 -0.1398307E-01  0.1010681E-06
       150      4 -0.1369014E-04 -0.5082204E-05  0.4153562E-02  0.1550933E-02 -0.8738873E-01  0.6346620E-06

       160      0  0.0000000E+00  0.0000000E+00  0.0000000E+00  0.0000000E+00  0.0000000E+00  0.0000000E+00
       160      1  0.0000000E+00  0.0000000E+00  0.0000000E+00  0.0000000E+00  0.0000000E+00  0.0000000E+00
       160      2 -0.1090905E-06 -0.5318535E-07  0.2149827E-02  0.4040834E-03 -0.3712233E-02  0.2683909E-07
       160      3 -0.3563108E-06  0.1903495E-07  0.4408175E-02  0.7801156E-03 -0.1484892E-01  0.1072264E-06
       160      4 -0.1023327E-04  0.1073879E-04  0.8103309E-02  0.7088512E-03 -0.9281256E-01  0.6705853E-06

       170      0  0.0000000E+00  0.0000000E+00  0.0000000E+00  0.0000000E+00  0.0000000E+00  0.0000000E+00
       170      1  0.0000000E+00  0.0000000E+00  0.0000000E+00  0.0000000E+00  0.0000000E+00  0.0000000E+00
       170      2 -0.3363893E-06  0.2019592E-06 -0.1108137E-03 -0.2039457E-03 -0.3926947E-02  0.2875689E-07
       170      3 -0.1122643E-05  0.5626209E-06 -0.8144292E-03 -0.5004343E-03 -0.1570747E-01  0.1150719E-06
       170      4  0.1242887E-04 -0.2036226E-05 -0.1002646E-01 -0.2064861E-02 -0.9817478E-01  0.7141083E-06

       180      0  0.0000000E+00  0.0000000E+00  0.0000000E+00  0.0000000E+00  0.0000000E+00  0.0000000E+00
       180      1  0.0000000E+00  0.0000000E+00  0.0000000E+00  0.0000000E+00  0.0000000E+00  0.0000000E+00
       180      2  0.6289567E-06  0.1045224E-06 -0.2082731E-02 -0.2805946E-03 -0.4139799E-02  0.3013337E-07
       180      3  0.2308905E-05  0.5665084E-06 -0.3902784E-02 -0.4695713E-03 -0.1655915E-01  0.1205938E-06
       180      4  0.4124979E-05 -0.1062876E-05 -0.8380188E-03  0.7872166E-03 -0.1034994E+00  0.7600465E-06

       190      0  0.0000000E+00  0.0000000E+00  0.0000000E+00  0.0000000E+00  0.0000000E+00  0.0000000E+00
       190      1  0.0000000E+00  0.0000000E+00  0.0000000E+00  0.0000000E+00  0.0000000E+00  0.0000000E+00
       190      2  0.3102320E-06 -0.3990711E-06  0.1371894E-02  0.3738445E-03 -0.4350362E-02  0.3208614E-07
       190      3  0.1518349E-05 -0.1708010E-05  0.3236227E-02  0.7918261E-03 -0.1740128E-01  0.1281809E-06
       190      4  0.8931354E-05 -0.2995600E-05  0.1063393E-01  0.1494351E-02 -0.1087749E+00  0.7947752E-06

       200      0  0.0000000E+00  0.0000000E+00  0.0000000E+00  0.0000000E+00  0.0000000E+00  0.0000000E+00
       200      1  0.0000000E+00  0.0000000E+00  0.0000000E+00  0.0000000E+00  0.0000000E+00  0.0000000E+00
       200      2 -0.3625323E-06  0.1159487E-06  0.1252051E-02  0.5423313E-04 -0.4559569E-02  0.3363894E-07
       200      3 -0.1898333E-05  0.4338801E-06  0.1894579E-02 -0.2177977E-04 -0.1823803E-01  0.1347563E-06
       200      4 -0.1152937E-04 -0.5095968E-05 -0.6866861E-02 -0.1870045E-02 -0.1139962E+00  0.8435744E-06

       210      0  0.0000000E+00  0.0000000E+00  0.0000000E+00  0.0000000E+00  0.0000000E+00  0.0000000E+00
       210      1  0.0000000E+00  0.0000000E+00  0.0000000E+00  0.0000000E+00  0.0000000E+00  0.0000000E+00
       210      2 -0.9455651E-07 -0.2509855E-07 -0.2130008E-02 -0.4066838E-03 -0.4766389E-02  0.3526875E-07
       210      3 -0.2219261E-06  0.1909770E-06 -0.4411905E-02 -0.7783196E-03 -0.1906560E-01  0.1409001E-06
       210      4 -0.1122099E-04  0.1140591E-04 -0.5657368E-02 -0.1391974E-03 -0.1191841E+00  0.8827815E-06

       220      0  0.0000000E+00  0.0000000E+00  0.0000000E+00  0.0000000E+00  0.0000000E+00  0.0000000E+00
       220      1  0.0000000E+00  0.0000000E+00  0.0000000E+00  0.0000000E+00  0.0000000E+00  0.0000000E+00
       220      2 -0.2306183E-06  0.1976939E-06  0.3764739E-04  0.1920091E-03 -0.4971635E-02  0.3717273E-07
       220      3 -0.6258182E-06  0.4516500E-06  0.8430493E-03  0.5047294E-03 -0.1988621E-01  0.1487523E-06
       220      4  0.1908931E-04 -0.1650828E-05  0.1096732E-01  0.1971145E-02 -0.1243147E+00  0.9220117E-06

       230      0  0.0000000E+00  0.0000000E+00  0.0000000E+00  0.0000000E+00  0.0000000E+00  0.0000000E+00
       230      1  0.0000000E+00  0.0000000E+00  0.0000000E+00  0.0000000E+00  0.0000000E+00  0.0000000E+00
       230      2  0.6798440E-06  0.4268597E-07  0.2107214E-02  0.2904233E-03 -0.5175070E-02  0.3855187E-07
       230      3  0.2411184E-05  0.3626905E-06  0.3888763E-02  0.4651164E-03 -0.2070031E-01  0.1542768E-06
       230      4  0.3807786E-05 -0.6195161E-05 -0.2288427E-02 -0.1288788E-02 -0.1294039E+00  0.9707363E-06

       240      0  0.0000000E+00  0.0000000E+00  0.0000000E+00  0.0000000E+00  0.0000000E+00  0.0000000E+00
       240      1  0.0000000E+00  0.0000000E+00  0.0000000E+00  0.0000000E+00  0.0000000E+00  0.0000000E+00
       240      2  0.1981155E-06 -0.3989914E-06 -0.1313544E-02 -0.3678580E-03 -0.5376330E-02  0.4051411E-07
       240      3  0.1105735E-05 -0.1719017E-05 -0.3256095E-02 -0.7933509E-03 -0.2150521E-01  0.1618519E-06
       240      4 -0.7597660E-06  0.1067202E-05 -0.9308595E-02 -0.1037124E-02 -0.1344539E+00  0.1005361E-05

       250      0  0.0000000E+00  0.0000000E+00  0.0000000E+00  0.0000000E+00  0.0000000E+00  0.0000000E+00
       250      1  0.0000000E+00  0.0000000E+00  0.0000000E+00  0.0000000E+00  0.0000000E+00  0.0000000E+00
       250      2 -0.4287528E-06  0.1636078E-06 -0.1311869E-02 -0.6768775E-04 -0.5576310E-02  0.4204877E-07
       250      3 -0.2246342E-05  0.6354584E-06 -0.1868275E-02  0.2716997E-04 -0.2230505E-01  0.1684429E-06
       250      4 -0.7025681E-05 -0.3478816E-05  0.9032886E-02  0.2040393E-02 -0.1394472E+00  0.1051212E-05

       260      0  0.0000000E+00  0.0000000E+00  0.0000000E+00  0.0000000E+00  0.0000000E+00  0.0000000E+00
       260      1  0.0000000E+00  0.0000000E+00  0.0000000E+00  0.0000000E+00  0.0000000E+00  0.0000000E+00
       260      2 -0.5476171E-07 -0.5115428E-08  0.2107873E-02  0.4088438E-03 -0.5773974E-02  0.4369872E-07
       260      3  0.3457899E-07  0.3173719E-06  0.4415426E-02  0.7765001E-03 -0.2309608E-01  0.1745722E-06
       260      4 -0.9276806E-05  0.9204612E-05  0.2763990E-02 -0.4410691E-03 -0.1444092E+00  0.1094523E-05

       270      0  0.0000000E+00  0.0000000E+00  0.0000000E+00  0.0000000E+00  0.0000000E+00  0.0000000E+00
       270      1  0.0000000E+00  0.0000000E+00  0.0000000E+00  0.0000000E+00  0.0000000E+00  0.0000000E+00
       270      2 -0.1253026E-06  0.1825121E-06  0.3558019E-04 -0.1798608E-03 -0.5970179E-02  0.4558792E-07
       270      3 -0.1496342E-06  0.2922541E-06 -0.8714732E-03 -0.5089790E-03 -0.2388045E-01  0.1824307E-06
       270      4  0.2130893E-04 -0.5660831E-06 -0.1103634E-01 -0.1720927E-02 -0.1493215E+00  0.1130272E-05

       280      0  0.0000000E+00  0.0000000E+00  0.0000000E+00  0.0000000E+00  0.0000000E+00  0.0000000E+00
       280      1  0.0000000E+00  0.0000000E+00  0.0000000E+00  0.0000000E+00  0.0000000E+00  0.0000000E+00
       280      2  0.7024454E-06 -0.1641964E-07 -0.2129419E-02 -0.2999398E-03 -0.6164618E-02  0.4697104E-07
       280      3  0.2380533E-05  0.1793758E-06 -0.3874659E-02 -0.4606675E-03 -0.2465867E-01  0.1879579E-06
       280      4  0.4043190E-05 -0.1008384E-04  0.5230853E-02  0.1687729E-02 -0.1541874E+00  0.1179628E-05

       290      0  0.0000000E+00  0.0000000E+00  0.0000000E+00  0.0000000E+00  0.0000000E+00  0.0000000E+00
       290      1  0.0000000E+00  0.0000000E+00  0.0000000E+00  0.0000000E+00  0.0000000E+00  0.0000000E+00
       290      2  0.7364762E-07 -0.3856380E-06  0.1253752E-02  0.3614706E-03 -0.6356993E-02  0.4894154E-07
       290      3  0.6456143E-06 -0.1670777E-05  0.3275704E-02  0.7948327E-03 -0.2542800E-01  0.1955206E-06
       290      4 -0.1044143E-04  0.4224395E-05  0.7245723E-02  0.4980078E-03 -0.1590221E+00  0.1216377E-05

       300      0  0.0000000E+00  0.0000000E+00  0.0000000E+00  0.0000000E+00  0.0000000E+00  0.0000000E+00
       300      1  0.0000000E+00  0.0000000E+00  0.0000000E+00  0.0000000E+00  0.0000000E+00  0.0000000E+00
       300      2 -0.4734866E-06  0.2136066E-06  0.1370282E-02  0.8107315E-04 -0.6548159E-02  0.5045871E-07
       300      3 -0.2485540E-05  0.8465676E-06  0.1842059E-02 -0.3252501E-04 -0.2619260E-01  0.2021270E-06
       300      4 -0.1671802E-05 -0.4378036E-06 -0.1048065E-01 -0.2048744E-02 -0.1638015E+00  0.1258008E-05

       310      0  0.0000000E+00  0.0000000E+00  0.0000000E+00  0.0000000E+00  0.0000000E+00  0.0000000E+00
       310      1  0.0000000E+00  0.0000000E+00  0.0000000E+00  0.0000000E+00  0.0000000E+00  0.0000000E+00
       310      2  0.7237261E-08  0.4894010E-08 -0.2083443E-02 -0.4105608E-03 -0.6737079E-02  0.5212895E-07
       310      3  0.3938621E-06  0.3896559E-06 -0.4418739E-02 -0.7746597E-03 -0.2694873E-01  0.2082419E-06
       310      4 -0.4341268E-05  0.4789182E-05  0.3459750E-03  0.9858757E-03 -0.1685475E+00  0.1304929E-05

       320      0  0.0000000E+00  0.0000000E+00  0.0000000E+00  0.0000000E+00  0.0000000E+00  0.0000000E+00
       320      1  0.0000000E+00  0.0000000E+00  0.0000000E+00  0.0000000E+00  0.0000000E+00  0.0000000E+00
       320      2 -0.2734449E-07  0.1582441E-06 -0.1087937E-03  0.1675132E-03 -0.6924648E-02  0.5400247E-07
       320      3  0.2709754E-06  0.9559458E-07  0.8996682E-03  0.5131785E-03 -0.2769850E-01  0.2161063E-06
       320      4  0.1878728E-04  0.5672784E-06  0.1023022E-01  0.1334486E-02 -0.1732534E+00  0.1339047E-05

       330      0  0.0000000E+00  0.0000000E+00  0.0000000E+00  0.0000000E+00  0.0000000E+00  0.0000000E+00
       330      1  0.0000000E+00  0.0000000E+00  0.0000000E+00  0.0000000E+00  0.0000000E+00  0.0000000E+00
       330      2  0.6961847E-06 -0.6983692E-07  0.2149319E-02  0.3091340E-03 -0.7110493E-02  0.5539088E-07
       330      3  0.2218401E-05  0.3081081E-07  0.3860490E-02  0.4562303E-03 -0.2844245E-01  0.2216361E-06
       330      4  0.4267218E-05 -0.1162806E-04 -0.7756253E-02 -0.1952632E-02 -0.1779088E+00  0.1386645E-05

       340      0  0.0000000E+00  0.0000000E+00  0.0000000E+00  0.0000000E+00  0.0000000E+00  0.0000000E+00
       340      1  0.0000000E+00  0.0000000E+00  0.0000000E+00  0.0000000E+00  0.0000000E+00  0.0000000E+00
       340      2 -0.5643681E-07 -0.3594228E-06 -0.1192577E-02 -0.3546883E-03 -0.7294385E-02  0.5736839E-07
       340      3  0.1735885E-06 -0.1567122E-05 -0.3295034E-02 -0.7962705E-03 -0.2917782E-01  0.2291863E-06
       340      4 -0.1771119E-04  0.5759576E-05 -0.4611158E-02  0.7998168E-04 -0.1825374E+00  0.1427034E-05

       350      0  0.0000000E+00  0.0000000E+00  0.0000000E+00  0.0000000E+00  0.0000000E+00  0.0000000E+00
       350      1  0.0000000E+00  0.0000000E+00  0.0000000E+00  0.0000000E+00  0.0000000E+00  0.0000000E+00
       350      2 -0.4928326E-06  0.2628408E-06 -0.1427228E-02 -0.9437544E-04 -0.7477131E-02  0.5886877E-07
       350      3 -0.2599084E-05  0.1051012E-05 -0.1815961E-02  0.3783879E-04 -0.2990877E-01  0.2358077E-06
       350      4  0.3081018E-05  0.3305345E-05  0.1109714E-01  0.1894851E-02 -0.1871161E+00  0.1464441E-05

       360      0  0.0000000E+00  0.0000000E+00  0.0000000E+00  0.0000000E+00  0.0000000E+00  0.0000000E+00
       360      1  0.0000000E+00  0.0000000E+00  0.0000000E+00  0.0000000E+00  0.0000000E+00  0.0000000E+00
       360      2  0.8690600E-07  0.3737935E-08  0.2056742E-02  0.4118325E-03 -0.7657699E-02  0.6055938E-07
       360      3  0.8289641E-06  0.4033329E-06  0.4421843E-02  0.7728014E-03 -0.3063157E-01  0.2419081E-06
       360      4  0.2751174E-05 -0.6264173E-06 -0.3425539E-02 -0.1452184E-02 -0.1916567E+00  0.1513307E-05

       370      0  0.0000000E+00  0.0000000E+00  0.0000000E+00  0.0000000E+00  0.0000000E+00  0.0000000E+00
       370      1  0.0000000E+00  0.0000000E+00  0.0000000E+00  0.0000000E+00  0.0000000E+00  0.0000000E+00
       370      2  0.5690546E-07  0.1272830E-06  0.1819175E-03 -0.1549789E-03 -0.7837019E-02  0.6241639E-07
       370      3  0.6053552E-06 -0.1244191E-06 -0.9276036E-03 -0.5173238E-03 -0.3134829E-01  0.2497780E-06
       370      4  0.1241616E-04  0.1100471E-05 -0.8615555E-02 -0.8428835E-03 -0.1961663E+00  0.1548095E-05

       380      0  0.0000000E+00  0.0000000E+00  0.0000000E+00  0.0000000E+00  0.0000000E+00  0.0000000E+00
       380      1  0.0000000E+00  0.0000000E+00  0.0000000E+00  0.0000000E+00  0.0000000E+00  0.0000000E+00
       380      2  0.6622623E-06 -0.1149947E-06 -0.2166892E-02 -0.3179959E-03 -0.8014657E-02  0.6381136E-07
       380      3  0.1936041E-05 -0.7141083E-07 -0.3846276E-02 -0.4518100E-03 -0.3205953E-01  0.2553105E-06
       380      4  0.3757471E-05 -0.1032702E-04  0.9665847E-02  0.2062885E-02 -0.2006244E+00  0.1592039E-05

       390      0  0.0000000E+00  0.0000000E+00  0.0000000E+00  0.0000000E+00  0.0000000E+00  0.0000000E+00
       390      1  0.0000000E+00  0.0000000E+00  0.0000000E+00  0.0000000E+00  0.0000000E+00  0.0000000E+00
       390      2 -0.1850372E-06 -0.3215255E-06  0.1130081E-02  0.3475179E-03 -0.8190446E-02  0.6579462E-07
       390      3 -0.2739891E-06 -0.1415991E-05  0.3314068E-02  0.7976635E-03 -0.3276246E-01  0.2628478E-06
       390      4 -0.2071631E-04  0.5507358E-05  0.1615250E-02 -0.6509944E-03 -0.2050556E+00  0.1636392E-05

       400      0  0.0000000E+00  0.0000000E+00  0.0000000E+00  0.0000000E+00  0.0000000E+00  0.0000000E+00
       400      1  0.0000000E+00  0.0000000E+00  0.0000000E+00  0.0000000E+00  0.0000000E+00  0.0000000E+00
       400      2 -0.4844732E-06  0.3081996E-06  0.1482648E-02  0.1075808E-03 -0.8365149E-02  0.6727901E-07
       400      3 -0.2579541E-05  0.1233142E-05  0.1790012E-02 -0.4310552E-04 -0.3346127E-01  0.2694840E-06
       400      4  0.6227490E-05  0.6702971E-05 -0.1083612E-01 -0.1591405E-02 -0.2094455E+00  0.1670818E-05

       410      0  0.0000000E+00  0.0000000E+00  0.0000000E+00  0.0000000E+00  0.0000000E+00  0.0000000E+00
       410      1  0.0000000E+00  0.0000000E+00  0.0000000E+00  0.0000000E+00  0.0000000E+00  0.0000000E+00
       410      2  0.1785247E-06 -0.9020070E-08 -0.2027793E-02 -0.4126571E-03 -0.8537741E-02  0.6898994E-07
       410      3  0.1307355E-05  0.3582886E-06 -0.4424740E-02 -0.7709277E-03 -0.3415225E-01  0.2755700E-06
       410      4  0.1040957E-04 -0.5616713E-05  0.6231373E-02  0.1803388E-02 -0.2137921E+00  0.1719304E-05

       420      0  0.0000000E+00  0.0000000E+00  0.0000000E+00  0.0000000E+00  0.0000000E+00  0.0000000E+00
       420      1  0.0000000E+00  0.0000000E+00  0.0000000E+00  0.0000000E+00  0.0000000E+00  0.0000000E+00
       420      2  0.1220518E-06  0.9242838E-07 -0.2548757E-03  0.1422706E-03 -0.8709183E-02  0.7082969E-07
       420      3  0.8293891E-06 -0.3521782E-06  0.9552498E-03  0.5214107E-03 -0.3483741E-01  0.2834449E-06
       420      4  0.3986429E-05  0.6401605E-06  0.6322868E-02  0.2853590E-03 -0.2181142E+00  0.1756781E-05

       430      0  0.0000000E+00  0.0000000E+00  0.0000000E+00  0.0000000E+00  0.0000000E+00  0.0000000E+00
       430      1  0.0000000E+00  0.0000000E+00  0.0000000E+00  0.0000000E+00  0.0000000E+00  0.0000000E+00
       430      2  0.6035734E-06 -0.1498674E-06  0.2182116E-02  0.3265161E-03 -0.8878979E-02  0.7223248E-07
       430      3  0.1553623E-05 -0.1191998E-06  0.3832038E-02  0.4474121E-03 -0.3551740E-01  0.2889799E-06
       430      4  0.1977524E-05 -0.6440495E-05 -0.1081074E-01 -0.2010258E-02 -0.2223875E+00  0.1796247E-05

       440      0  0.0000000E+00  0.0000000E+00  0.0000000E+00  0.0000000E+00  0.0000000E+00  0.0000000E+00
       440      1  0.0000000E+00  0.0000000E+00  0.0000000E+00  0.0000000E+00  0.0000000E+00  0.0000000E+00
       440      2 -0.3051334E-06 -0.2738195E-06 -0.1066328E-02 -0.3399662E-03 -0.9047032E-02  0.7422017E-07
       440      3 -0.6627239E-06 -0.1228817E-05 -0.3332788E-02 -0.7990112E-03 -0.3618937E-01  0.2965042E-06
       440      4 -0.1866367E-04  0.3846967E-05  0.1504356E-02  0.1170023E-02 -0.2266306E+00  0.1843588E-05

       450      0  0.0000000E+00  0.0000000E+00  0.0000000E+00  0.0000000E+00  0.0000000E+00  0.0000000E+00
       450      1  0.0000000E+00  0.0000000E+00  0.0000000E+00  0.0000000E+00  0.0000000E+00  0.0000000E+00
       450      2 -0.4478245E-06  0.3467636E-06 -0.1536480E-02 -0.1206753E-03 -0.9214051E-02  0.7568943E-07
       450      3 -0.2429391E-05  0.1379018E-05 -0.1764242E-02  0.4831968E-04 -0.3685749E-01  0.3031548E-06
       450      4  0.7430338E-05  0.8692531E-05  0.9721308E-02  0.1162912E-02 -0.2308418E+00  0.1877116E-05

       460      0  0.0000000E+00  0.0000000E+00  0.0000000E+00  0.0000000E+00  0.0000000E+00  0.0000000E+00
       460      1  0.0000000E+00  0.0000000E+00  0.0000000E+00  0.0000000E+00  0.0000000E+00  0.0000000E+00
       460      2  0.2755553E-06 -0.3303204E-07  0.1996624E-02  0.4130331E-03 -0.9379025E-02  0.7742059E-07
       460      3  0.1793381E-05  0.2587768E-06  0.4427430E-02  0.7690417E-03 -0.3751808E-01  0.3092264E-06
       460      4  0.1668384E-04 -0.8942529E-05 -0.8543140E-02 -0.2012175E-02 -0.2350062E+00  0.1922943E-05

       470      0  0.0000000E+00  0.0000000E+00  0.0000000E+00  0.0000000E+00  0.0000000E+00  0.0000000E+00
       470      1  0.0000000E+00  0.0000000E+00  0.0000000E+00  0.0000000E+00  0.0000000E+00  0.0000000E+00
       470      2  0.1639957E-06  0.5670416E-07  0.3275921E-03 -0.1294012E-03 -0.9542943E-02  0.7924237E-07
       470      3  0.9272611E-06 -0.5715426E-06 -0.9825791E-03 -0.5254358E-03 -0.3817309E-01  0.3171059E-06
       470      4 -0.4333641E-05 -0.7946581E-06 -0.3535533E-02  0.2938886E-03 -0.2391488E+00  0.1964211E-05

       480      0  0.0000000E+00  0.0000000E+00  0.0000000E+00  0.0000000E+00  0.0000000E+00  0.0000000E+00
       480      1  0.0000000E+00  0.0000000E+00  0.0000000E+00  0.0000000E+00  0.0000000E+00  0.0000000E+00
       480      2  0.5245182E-06 -0.1730990E-06 -0.2194974E-02 -0.3346850E-03 -0.9705248E-02  0.8065421E-07
       480      3  0.1098693E-05 -0.1085559E-06 -0.3817793E-02 -0.4430415E-03 -0.3882325E-01  0.3226435E-06
       480      4 -0.1141479E-05 -0.9308696E-06  0.1110343E-01  0.1799484E-02 -0.2432490E+00  0.1999676E-05

       490      0  0.0000000E+00  0.0000000E+00  0.0000000E+00  0.0000000E+00  0.0000000E+00  0.0000000E+00
       490      1  0.0000000E+00  0.0000000E+00  0.0000000E+00  0.0000000E+00  0.0000000E+00  0.0000000E+00
       490      2 -0.4102263E-06 -0.2187542E-06  0.1001381E-02  0.3320406E-03 -0.9865913E-02  0.8264502E-07
       490      3 -0.9627289E-06 -0.1019664E-05  0.3351179E-02  0.8003130E-03 -0.3946564E-01  0.3301545E-06
       490      4 -0.1204262E-04  0.1532238E-05 -0.4501775E-02 -0.1596445E-02 -0.2473137E+00  0.2048024E-05

       500      0  0.0000000E+00  0.0000000E+00  0.0000000E+00  0.0000000E+00  0.0000000E+00  0.0000000E+00
       500      1  0.0000000E+00  0.0000000E+00  0.0000000E+00  0.0000000E+00  0.0000000E+00  0.0000000E+00
       500      2 -0.3840753E-06  0.3759896E-06  0.1588668E-02  0.1336451E-03 -0.1002559E-01  0.8410007E-07
       500      3 -0.2160795E-05  0.1477439E-05  0.1738679E-02 -0.5347602E-04 -0.4010446E-01  0.3368191E-06
       500      4  0.7013708E-05  0.8529524E-05 -0.7843881E-02 -0.6436097E-03 -0.2513545E+00  0.2082919E-05

       510      0  0.0000000E+00  0.0000000E+00  0.0000000E+00  0.0000000E+00  0.0000000E+00  0.0000000E+00
       510      1  0.0000000E+00  0.0000000E+00  0.0000000E+00  0.0000000E+00  0.0000000E+00  0.0000000E+00
       510      2  0.3710607E-06 -0.6718665E-07 -0.1963264E-02 -0.4129594E-03 -0.1018329E-01  0.8585125E-07
       510      3  0.2250930E-05  0.1130808E-06 -0.4429918E-02 -0.7671462E-03 -0.4073602E-01  0.3428764E-06
       510      4  0.1980425E-04 -0.9882827E-05  0.1018082E-01  0.2062630E-02 -0.2553487E+00  0.2124541E-05

       520      0  0.0000000E+00  0.0000000E+00  0.0000000E+00  0.0000000E+00  0.0000000E+00  0.0000000E+00
       520      1  0.0000000E+00  0.0000000E+00  0.0000000E+00  0.0000000E+00  0.0000000E+00  0.0000000E+00
       520      2  0.1801929E-06  0.2316337E-07 -0.3999905E-03  0.1163840E-03 -0.1034002E-01  0.8765446E-07
       520      3  0.8925883E-06 -0.7670416E-06  0.1009565E-02  0.5293955E-03 -0.4136226E-01  0.3507599E-06
       520      4 -0.1059775E-04 -0.2761813E-05  0.4746229E-03 -0.8492687E-03 -0.2593195E+00  0.2169433E-05

       530      0  0.0000000E+00  0.0000000E+00  0.0000000E+00  0.0000000E+00  0.0000000E+00  0.0000000E+00
       530      1  0.0000000E+00  0.0000000E+00  0.0000000E+00  0.0000000E+00  0.0000000E+00  0.0000000E+00
       530      2  0.4307184E-06 -0.1840849E-06  0.2205446E-02  0.3424937E-03 -0.1049517E-01  0.8907653E-07
       530      3  0.6040939E-06 -0.3984576E-07  0.3803562E-02  0.4387032E-03 -0.4198393E-01  0.3562999E-06
       530      4 -0.5082040E-05  0.4799456E-05 -0.1052435E-01 -0.1447775E-02 -0.2632567E+00  0.2202504E-05

       540      0  0.0000000E+00  0.0000000E+00  0.0000000E+00  0.0000000E+00  0.0000000E+00  0.0000000E+00
       540      1  0.0000000E+00  0.0000000E+00  0.0000000E+00  0.0000000E+00  0.0000000E+00  0.0000000E+00
       540      2 -0.4947444E-06 -0.1592018E-06 -0.9353074E-03 -0.3237487E-03 -0.1064878E-01  0.9106913E-07
       540      3 -0.1150823E-05 -0.8041678E-06 -0.3369229E-02 -0.8015688E-03 -0.4259808E-01  0.3637975E-06
       540      4 -0.2489338E-05 -0.5828374E-06  0.7142314E-02  0.1897169E-02 -0.2671534E+00  0.2249477E-05

       550      0  0.0000000E+00  0.0000000E+00  0.0000000E+00  0.0000000E+00  0.0000000E+00  0.0000000E+00
       550      1  0.0000000E+00  0.0000000E+00  0.0000000E+00  0.0000000E+00  0.0000000E+00  0.0000000E+00
       550      2 -0.2961152E-06  0.3938716E-06 -0.1639152E-02 -0.1464766E-03 -0.1080145E-01  0.9251094E-07
       550      3 -0.1794648E-05  0.1520759E-05 -0.1713350E-02  0.5856958E-04 -0.4320891E-01  0.3704758E-06
       550      4  0.5745746E-05  0.6035690E-05  0.5354447E-02  0.7463318E-04 -0.2710313E+00  0.2287467E-05

       560      0  0.0000000E+00  0.0000000E+00  0.0000000E+00  0.0000000E+00  0.0000000E+00  0.0000000E+00
       560      1  0.0000000E+00  0.0000000E+00  0.0000000E+00  0.0000000E+00  0.0000000E+00  0.0000000E+00
       560      2  0.4581482E-06 -0.1096788E-06  0.1927745E-02  0.4124354E-03 -0.1095220E-01  0.9428187E-07
       560      3  0.2646112E-05 -0.6712123E-07  0.4432205E-02  0.7652439E-03 -0.4381276E-01  0.3765186E-06
       560      4  0.1869639E-04 -0.8403574E-05 -0.1101865E-01 -0.1951417E-02 -0.2748664E+00  0.2324530E-05

       570      0  0.0000000E+00  0.0000000E+00  0.0000000E+00  0.0000000E+00  0.0000000E+00  0.0000000E+00
       570      1  0.0000000E+00  0.0000000E+00  0.0000000E+00  0.0000000E+00  0.0000000E+00  0.0000000E+00
       570      2  0.1698130E-06 -0.5309197E-08  0.4719945E-03 -0.1032324E-03 -0.1110207E-01  0.9606597E-07
       570      3  0.7288483E-06 -0.9250169E-06 -0.1036183E-02 -0.5332868E-03 -0.4441152E-01  0.3844058E-06
       570      4 -0.1358075E-04 -0.4533226E-05  0.2618976E-02  0.1337405E-02 -0.2786737E+00  0.2371654E-05

       580      0  0.0000000E+00  0.0000000E+00  0.0000000E+00  0.0000000E+00  0.0000000E+00  0.0000000E+00
       580      1  0.0000000E+00  0.0000000E+00  0.0000000E+00  0.0000000E+00  0.0000000E+00  0.0000000E+00
       580      2  0.3286562E-06 -0.1830050E-06 -0.2213519E-02 -0.3499334E-03 -0.1125038E-01  0.9749942E-07
       580      3  0.1055046E-06  0.8224509E-07 -0.3789364E-02 -0.4344021E-03 -0.4500598E-01  0.3899482E-06
       580      4 -0.8827094E-05  0.9294961E-05  0.9122672E-02  0.9833252E-03 -0.2824563E+00  0.2404554E-05

       590      0  0.0000000E+00  0.0000000E+00  0.0000000E+00  0.0000000E+00  0.0000000E+00  0.0000000E+00
       590      1  0.0000000E+00  0.0000000E+00  0.0000000E+00  0.0000000E+00  0.0000000E+00  0.0000000E+00
       590      2 -0.5543912E-06 -0.9827677E-07  0.8681739E-03  0.3150987E-03 -0.1139725E-01  0.9949244E-07
       590      3 -0.1212217E-05 -0.5983703E-06  0.3386924E-02  0.8027786E-03 -0.4559316E-01  0.3974321E-06
       590      4  0.7662505E-05 -0.1833231E-05 -0.9220812E-02 -0.2049171E-02 -0.2861958E+00  0.2448082E-05

       600      0  0.0000000E+00  0.0000000E+00  0.0000000E+00  0.0000000E+00  0.0000000E+00  0.0000000E+00
       600      1  0.0000000E+00  0.0000000E+00  0.0000000E+00  0.0000000E+00  0.0000000E+00  0.0000000E+00
       600      2 -0.1883537E-06  0.3990686E-06  0.1687879E-02  0.1591559E-03 -0.1154322E-01  0.1009221E-06
       600      3 -0.1358983E-05  0.1505440E-05  0.1688282E-02 -0.6359561E-04 -0.4617726E-01  0.4041236E-06
       600      4  0.4490201E-05  0.1685970E-05 -0.2450468E-02  0.4993140E-03 -0.2899174E+00  0.2489822E-05

       610      0  0.0000000E+00  0.0000000E+00  0.0000000E+00  0.0000000E+00  0.0000000E+00  0.0000000E+00
       610      1  0.0000000E+00  0.0000000E+00  0.0000000E+00  0.0000000E+00  0.0000000E+00  0.0000000E+00
       610      2  0.5304103E-06 -0.1581234E-06 -0.1890100E-02 -0.4114609E-03 -0.1168733E-01  0.1027124E-06
       610      3  0.2949761E-05 -0.2676390E-06 -0.4434297E-02 -0.7633378E-03 -0.4675465E-01  0.4101522E-06
       610      4  0.1331876E-04 -0.5118658E-05  0.1099458E-01  0.1687931E-02 -0.2936034E+00  0.2523248E-05

       620      0  0.0000000E+00  0.0000000E+00  0.0000000E+00  0.0000000E+00  0.0000000E+00  0.0000000E+00
       620      1  0.0000000E+00  0.0000000E+00  0.0000000E+00  0.0000000E+00  0.0000000E+00  0.0000000E+00
       620      2  0.1337890E-06 -0.2618286E-07 -0.5435277E-03  0.8995993E-04 -0.1183065E-01  0.1044769E-06
       620      3  0.4490730E-06 -0.1034625E-05  0.1062410E-02  0.5371067E-03 -0.4732716E-01  0.4180425E-06
       620      4 -0.1303203E-04 -0.5338274E-05 -0.5503661E-02 -0.1720499E-02 -0.2972560E+00  0.2570409E-05

       630      0  0.0000000E+00  0.0000000E+00  0.0000000E+00  0.0000000E+00  0.0000000E+00  0.0000000E+00
       630      1  0.0000000E+00  0.0000000E+00  0.0000000E+00  0.0000000E+00  0.0000000E+00  0.0000000E+00
       630      2  0.2252600E-06 -0.1708081E-06  0.2219179E-02  0.3569955E-03 -0.1197243E-01  0.1059228E-06
       630      3 -0.3612124E-06  0.2490793E-06  0.3775217E-02  0.4301429E-03 -0.4789564E-01  0.4235872E-06
       630      4 -0.1113519E-04  0.1144149E-04 -0.7011723E-02 -0.4429384E-03 -0.3008909E+00  0.2605271E-05

       640      0  0.0000000E+00  0.0000000E+00  0.0000000E+00  0.0000000E+00  0.0000000E+00  0.0000000E+00
       640      1  0.0000000E+00  0.0000000E+00  0.0000000E+00  0.0000000E+00  0.0000000E+00  0.0000000E+00
       640      2 -0.5864112E-06 -0.3914147E-07 -0.8000493E-03 -0.3060989E-03 -0.1211287E-01  0.1079149E-06
       640      3 -0.1141573E-05 -0.4175308E-06 -0.3404253E-02 -0.8039424E-03 -0.4845707E-01  0.4310573E-06
       640      4  0.1600322E-04 -0.1951649E-05  0.1057750E-01  0.2041222E-02 -0.3044839E+00  0.2644215E-05

       650      0  0.0000000E+00  0.0000000E+00  0.0000000E+00  0.0000000E+00  0.0000000E+00  0.0000000E+00
       650      1  0.0000000E+00  0.0000000E+00  0.0000000E+00  0.0000000E+00  0.0000000E+00  0.0000000E+00
       650      2 -0.6644403E-07  0.3909887E-06 -0.1734792E-02 -0.1716695E-03 -0.1225244E-01  0.1093335E-06
       650      3 -0.8868678E-06  0.1432295E-05 -0.1663499E-02  0.6854962E-04 -0.4901565E-01  0.4377616E-06
       650      4  0.3852437E-05 -0.3492310E-05 -0.6398027E-03 -0.1033502E-02 -0.3080560E+00  0.2689076E-05

       660      0  0.0000000E+00  0.0000000E+00  0.0000000E+00  0.0000000E+00  0.0000000E+00  0.0000000E+00
       660      1  0.0000000E+00  0.0000000E+00  0.0000000E+00  0.0000000E+00  0.0000000E+00  0.0000000E+00
       660      2  0.5823335E-06 -0.2097057E-06  0.1850364E-02  0.4100359E-03 -0.1239022E-01  0.1111427E-06
       660      3  0.3139571E-05 -0.4728328E-06  0.4436198E-02  0.7614308E-03 -0.4956777E-01  0.4437759E-06
       660      4  0.4728539E-05 -0.1066035E-05 -0.1011449E-01 -0.1293431E-02 -0.3116014E+00  0.2720755E-05

       670      0  0.0000000E+00  0.0000000E+00  0.0000000E+00  0.0000000E+00  0.0000000E+00  0.0000000E+00
       670      1  0.0000000E+00  0.0000000E+00  0.0000000E+00  0.0000000E+00  0.0000000E+00  0.0000000E+00
       670      2  0.7475484E-07 -0.3744426E-07  0.6145139E-03 -0.7658033E-04 -0.1252727E-01  0.1128873E-06
       670      3  0.7483844E-07 -0.1088626E-05 -0.1088222E-02 -0.5408527E-03 -0.5011521E-01  0.4516690E-06
       670      4 -0.9624982E-05 -0.4638131E-05  0.7955939E-02  0.1969214E-02 -0.3151089E+00  0.2765615E-05

       680      0  0.0000000E+00  0.0000000E+00  0.0000000E+00  0.0000000E+00  0.0000000E+00  0.0000000E+00
       680      1  0.0000000E+00  0.0000000E+00  0.0000000E+00  0.0000000E+00  0.0000000E+00  0.0000000E+00
       680      2  0.1274626E-06 -0.1491466E-06 -0.2222416E-02 -0.3636719E-03 -0.1266282E-01  0.1143468E-06
       680      3 -0.7626639E-06  0.4487249E-06 -0.3761140E-02 -0.4259300E-03 -0.5065888E-01  0.4572159E-06
       680      4 -0.1093208E-04  0.1075583E-04  0.4359186E-02 -0.1309804E-03 -0.3186020E+00  0.2803821E-05

       690      0  0.0000000E+00  0.0000000E+00  0.0000000E+00  0.0000000E+00  0.0000000E+00  0.0000000E+00
       690      1  0.0000000E+00  0.0000000E+00  0.0000000E+00  0.0000000E+00  0.0000000E+00  0.0000000E+00
       690      2 -0.5897582E-06  0.1519167E-07  0.7310036E-03  0.2967582E-03 -0.1279711E-01  0.1163366E-06
       690      3 -0.9433505E-06 -0.2750011E-06  0.3421206E-02  0.8050605E-03 -0.5119572E-01  0.4646719E-06
       690      4  0.2065916E-04 -0.1128809E-05 -0.1111012E-01 -0.1874660E-02 -0.3220582E+00  0.2838296E-05

       700      0  0.0000000E+00  0.0000000E+00  0.0000000E+00  0.0000000E+00  0.0000000E+00  0.0000000E+00
       700      1  0.0000000E+00  0.0000000E+00  0.0000000E+00  0.0000000E+00  0.0000000E+00  0.0000000E+00
       700      2  0.6307158E-07  0.3698274E-06  0.1779840E-02  0.1840038E-03 -0.1293056E-01  0.1177452E-06
       700      3 -0.4139312E-06  0.1306405E-05  0.1639028E-02 -0.7342735E-04 -0.5172992E-01  0.4713886E-06
       700      4  0.3951194E-05 -0.8182082E-05  0.3675490E-02  0.1486651E-02 -0.3254882E+00  0.2884550E-05

       710      0  0.0000000E+00  0.0000000E+00  0.0000000E+00  0.0000000E+00  0.0000000E+00  0.0000000E+00
       710      1  0.0000000E+00  0.0000000E+00  0.0000000E+00  0.0000000E+00  0.0000000E+00  0.0000000E+00
       710      2  0.6096509E-06 -0.2613590E-06 -0.1808575E-02 -0.4081611E-03 -0.1306229E-01  0.1195728E-06
       710      3  0.3201712E-05 -0.6667770E-06 -0.4437914E-02 -0.7595256E-03 -0.5225791E-01  0.4773888E-06
       710      4 -0.5144724E-05  0.2620267E-05  0.8451017E-02  0.7992262E-03 -0.3288997E+00  0.2916743E-05

       720      0  0.0000000E+00  0.0000000E+00  0.0000000E+00  0.0000000E+00  0.0000000E+00  0.0000000E+00
       720      1  0.0000000E+00  0.0000000E+00  0.0000000E+00  0.0000000E+00  0.0000000E+00  0.0000000E+00
       720      2 -0.3124760E-08 -0.3772723E-07 -0.6848769E-03  0.6310755E-04 -0.1319336E-01  0.1212972E-06
       720      3 -0.3653711E-06 -0.1083898E-05  0.1113601E-02  0.5445222E-03 -0.5278142E-01  0.4852841E-06
       720      4 -0.4649669E-05 -0.2341519E-05 -0.9787585E-02 -0.2064867E-02 -0.3322718E+00  0.2957520E-05

       730      0  0.0000000E+00  0.0000000E+00  0.0000000E+00  0.0000000E+00  0.0000000E+00  0.0000000E+00
       730      1  0.0000000E+00  0.0000000E+00  0.0000000E+00  0.0000000E+00  0.0000000E+00  0.0000000E+00
       730      2  0.4176014E-07 -0.1202672E-06  0.2223222E-02  0.3699547E-03 -0.1332295E-01  0.1227712E-06
       730      3 -0.1070379E-05  0.6668523E-06  0.3747152E-02  0.4217679E-03 -0.5330140E-01  0.4908330E-06
       730      4 -0.7702963E-05  0.7495637E-05 -0.1373331E-02  0.6938052E-03 -0.3356287E+00  0.2999270E-05

       740      0  0.0000000E+00  0.0000000E+00  0.0000000E+00  0.0000000E+00  0.0000000E+00  0.0000000E+00
       740      1  0.0000000E+00  0.0000000E+00  0.0000000E+00  0.0000000E+00  0.0000000E+00  0.0000000E+00
       740      2 -0.5651548E-06  0.6204749E-07 -0.6611080E-03 -0.2870857E-03 -0.1345138E-01  0.1247574E-06
       740      3 -0.6314372E-06 -0.1812494E-06 -0.3437775E-02 -0.8061332E-03 -0.5381475E-01  0.4982749E-06
       740      4  0.2073534E-04  0.8977086E-07  0.1078133E-01  0.1563165E-02 -0.3389565E+00  0.3030587E-05

       750      0  0.0000000E+00  0.0000000E+00  0.0000000E+00  0.0000000E+00  0.0000000E+00  0.0000000E+00
       750      1  0.0000000E+00  0.0000000E+00  0.0000000E+00  0.0000000E+00  0.0000000E+00  0.0000000E+00
       750      2  0.1931719E-06  0.3365552E-06 -0.1822969E-02 -0.1961453E-03 -0.1357899E-01  0.1261573E-06
       750      3  0.2427560E-07  0.1136729E-05 -0.1614891E-02  0.7822474E-04 -0.5432568E-01  0.5050036E-06
       750      4  0.4400178E-05 -0.1113144E-04 -0.6421931E-02 -0.1824083E-02 -0.3422525E+00  0.3075925E-05

       760      0  0.0000000E+00  0.0000000E+00  0.0000000E+00  0.0000000E+00  0.0000000E+00  0.0000000E+00
       760      1  0.0000000E+00  0.0000000E+00  0.0000000E+00  0.0000000E+00  0.0000000E+00  0.0000000E+00
       760      2  0.6096148E-06 -0.3099582E-06  0.1764774E-02  0.4058376E-03 -0.1370494E-01  0.1280026E-06
       760      3  0.3131810E-05 -0.8344379E-06  0.4439449E-02  0.7576253E-03 -0.5483062E-01  0.5109896E-06
       760      4 -0.1396609E-04  0.5036590E-05 -0.6136935E-02 -0.2440855E-03 -0.3455357E+00  0.3110560E-05

       770      0  0.0000000E+00  0.0000000E+00  0.0000000E+00  0.0000000E+00  0.0000000E+00  0.0000000E+00
       770      1  0.0000000E+00  0.0000000E+00  0.0000000E+00  0.0000000E+00  0.0000000E+00  0.0000000E+00
       770      2 -0.9442197E-07 -0.2640150E-07  0.7545406E-03 -0.4955569E-04 -0.1383029E-01  0.1297066E-06
       770      3 -0.8382976E-06 -0.1021653E-05 -0.1138525E-02 -0.5481130E-03 -0.5533128E-01  0.5188867E-06
       770      4  0.4280728E-06  0.1115344E-05  0.1085990E-01  0.2000779E-02 -0.3487817E+00  0.3146548E-05

       780      0  0.0000000E+00  0.0000000E+00  0.0000000E+00  0.0000000E+00  0.0000000E+00  0.0000000E+00
       780      1  0.0000000E+00  0.0000000E+00  0.0000000E+00  0.0000000E+00  0.0000000E+00  0.0000000E+00
       780      2 -0.2619986E-07 -0.8686425E-07 -0.2221590E-02 -0.3758365E-03 -0.1395419E-01  0.1311960E-06
       780      3 -0.1262885E-05  0.8878020E-06 -0.3733271E-02 -0.4176608E-03 -0.5582863E-01  0.5244375E-06
       780      4 -0.1752053E-05  0.2567958E-05 -0.1713624E-02 -0.1202158E-02 -0.3520084E+00  0.3190795E-05

       790      0  0.0000000E+00  0.0000000E+00  0.0000000E+00  0.0000000E+00  0.0000000E+00  0.0000000E+00
       790      1  0.0000000E+00  0.0000000E+00  0.0000000E+00  0.0000000E+00  0.0000000E+00  0.0000000E+00
       790      2 -0.5150410E-06  0.9925377E-07  0.5904349E-03  0.2770911E-03 -0.1407702E-01  0.1331772E-06
       790      3 -0.2280769E-06 -0.1431023E-06  0.3453950E-02  0.8071610E-03 -0.5631955E-01  0.5318653E-06
       790      4  0.1648765E-04  0.1026699E-05 -0.9620909E-02 -0.1131542E-02 -0.3552147E+00  0.3221039E-05

       800      0  0.0000000E+00  0.0000000E+00  0.0000000E+00  0.0000000E+00  0.0000000E+00  0.0000000E+00
       800      1  0.0000000E+00  0.0000000E+00  0.0000000E+00  0.0000000E+00  0.0000000E+00  0.0000000E+00
       800      2  0.3167968E-06  0.2928570E-06  0.1864130E-02  0.2080808E-03 -0.1419904E-01  0.1345696E-06
       800      3  0.3949013E-06  0.9354232E-06  0.1591110E-02 -0.8293795E-04 -0.5680824E-01  0.5386054E-06
       800      4  0.4498909E-05 -0.1150356E-04  0.8668714E-02  0.2020325E-02 -0.3583853E+00  0.3263262E-05

       810      0  0.0000000E+00  0.0000000E+00  0.0000000E+00  0.0000000E+00  0.0000000E+00  0.0000000E+00
       810      1  0.0000000E+00  0.0000000E+00  0.0000000E+00  0.0000000E+00  0.0000000E+00  0.0000000E+00
       810      2  0.5811733E-06 -0.3525171E-06 -0.1719002E-02 -0.4030668E-03 -0.1431948E-01  0.1364320E-06
       810      3  0.2935228E-05 -0.9627777E-06 -0.4440812E-02 -0.7557327E-03 -0.5729119E-01  0.5445774E-06
       810      4 -0.1958896E-04  0.5740521E-05  0.3354062E-02 -0.3288808E-03 -0.3615449E+00  0.3301335E-05

       820      0  0.0000000E+00  0.0000000E+00  0.0000000E+00  0.0000000E+00  0.0000000E+00  0.0000000E+00
       820      1  0.0000000E+00  0.0000000E+00  0.0000000E+00  0.0000000E+00  0.0000000E+00  0.0000000E+00
       820      2 -0.1927929E-06 -0.3614350E-08 -0.8234293E-03  0.3593900E-04 -0.1443937E-01  0.1381155E-06
       820      3 -0.1308384E-05 -0.9073188E-06  0.1162976E-02  0.5516232E-03 -0.5777001E-01  0.5524759E-06
       820      4  0.4396017E-05  0.4860575E-05 -0.1109394E-01 -0.1782679E-02 -0.3646733E+00  0.3333097E-05

       830      0  0.0000000E+00  0.0000000E+00  0.0000000E+00  0.0000000E+00  0.0000000E+00  0.0000000E+00
       830      1  0.0000000E+00  0.0000000E+00  0.0000000E+00  0.0000000E+00  0.0000000E+00  0.0000000E+00
       830      2 -0.7197631E-07 -0.5190455E-07  0.2217516E-02  0.3813099E-03 -0.1455784E-01  0.1396212E-06
       830      3 -0.1327256E-05  0.1095744E-05  0.3719515E-02  0.4136128E-03 -0.5824576E-01  0.5580285E-06
       830      4  0.5775375E-05 -0.2732402E-05  0.4663660E-02  0.1617213E-02 -0.3677764E+00  0.3377858E-05

       840      0  0.0000000E+00  0.0000000E+00  0.0000000E+00  0.0000000E+00  0.0000000E+00  0.0000000E+00
       840      1  0.0000000E+00  0.0000000E+00  0.0000000E+00  0.0000000E+00  0.0000000E+00  0.0000000E+00
       840      2 -0.4434129E-06  0.1252747E-06 -0.5190578E-03 -0.2667841E-03 -0.1467531E-01  0.1415962E-06
       840      3  0.2378046E-06 -0.1632595E-06 -0.3469725E-02 -0.8081445E-03 -0.5871526E-01  0.5654420E-06
       840      4  0.9195784E-05  0.1132067E-05  0.7722530E-02  0.6136488E-03 -0.3708665E+00  0.3409240E-05

       850      0  0.0000000E+00  0.0000000E+00  0.0000000E+00  0.0000000E+00  0.0000000E+00  0.0000000E+00
       850      1  0.0000000E+00  0.0000000E+00  0.0000000E+00  0.0000000E+00  0.0000000E+00  0.0000000E+00
       850      2  0.4272891E-06  0.2410259E-06 -0.1903275E-02 -0.2197969E-03 -0.1479201E-01  0.1429823E-06
       850      3  0.6702000E-06  0.7169321E-06 -0.1567709E-02  0.8756333E-04 -0.5918272E-01  0.5721931E-06
       850      4  0.3550417E-05 -0.9120528E-05 -0.1024559E-01 -0.2060970E-02 -0.3739204E+00  0.3446907E-05

       860      0  0.0000000E+00  0.0000000E+00  0.0000000E+00  0.0000000E+00  0.0000000E+00  0.0000000E+00
       860      1  0.0000000E+00  0.0000000E+00  0.0000000E+00  0.0000000E+00  0.0000000E+00  0.0000000E+00
       860      2  0.5250390E-06 -0.3863763E-06  0.1671303E-02  0.3998506E-03 -0.1490717E-01  0.1448610E-06
       860      3  0.2626626E-05 -0.1041706E-05  0.4442007E-02  0.7538505E-03 -0.5964465E-01  0.5781512E-06
       860      4 -0.2061880E-04  0.4829386E-05 -0.3185255E-03  0.8756039E-03 -0.3769612E+00  0.3488180E-05

       870      0  0.0000000E+00  0.0000000E+00  0.0000000E+00  0.0000000E+00  0.0000000E+00  0.0000000E+00
       870      1  0.0000000E+00  0.0000000E+00  0.0000000E+00  0.0000000E+00  0.0000000E+00  0.0000000E+00
       870      2 -0.2913825E-06  0.2971703E-07  0.8914676E-03 -0.2227188E-04 -0.1502186E-01  0.1465240E-06
       870      3 -0.1740401E-05 -0.7501269E-06 -0.1186937E-02 -0.5550510E-03 -0.6010263E-01  0.5860506E-06
       870      4  0.6595107E-05  0.7827838E-05  0.1047601E-01  0.1428115E-02 -0.3799788E+00  0.3517348E-05

       880      0  0.0000000E+00  0.0000000E+00  0.0000000E+00  0.0000000E+00  0.0000000E+00  0.0000000E+00
       880      1  0.0000000E+00  0.0000000E+00  0.0000000E+00  0.0000000E+00  0.0000000E+00  0.0000000E+00
       880      2 -0.9261475E-07 -0.1843579E-07 -0.2211000E-02 -0.3863682E-03 -0.1513513E-01  0.1480468E-06
       880      3 -0.1260020E-05  0.1275844E-05 -0.3705900E-02 -0.4096278E-03 -0.6055774E-01  0.5916049E-06
       880      4  0.1313863E-04 -0.7080468E-05 -0.7251242E-02 -0.1907610E-02 -0.3829658E+00  0.3560298E-05

       890      0  0.0000000E+00  0.0000000E+00  0.0000000E+00  0.0000000E+00  0.0000000E+00  0.0000000E+00
       890      1  0.0000000E+00  0.0000000E+00  0.0000000E+00  0.0000000E+00  0.0000000E+00  0.0000000E+00
       890      2 -0.3555647E-06  0.1393036E-06  0.4470515E-03  0.2561752E-03 -0.1524750E-01  0.1500142E-06
       890      3  0.7327572E-06 -0.2401147E-06  0.3485094E-02  0.8090843E-03 -0.6100679E-01  0.5990040E-06
       890      4  0.7797280E-06  0.1898831E-06 -0.5235714E-02 -0.4965412E-04 -0.3859440E+00  0.3594474E-05

       900      0  0.0000000E+00  0.0000000E+00  0.0000000E+00  0.0000000E+00  0.0000000E+00  0.0000000E+00
       900      1  0.0000000E+00  0.0000000E+00  0.0000000E+00  0.0000000E+00  0.0000000E+00  0.0000000E+00
       900      2  0.5188097E-06  0.1838199E-06  0.1940357E-02  0.2312807E-03 -0.1535910E-01  0.1513954E-06
       900      3  0.8295474E-06  0.4969181E-06  0.1544709E-02 -0.9209741E-04 -0.6145398E-01  0.6057657E-06
       900      4  0.1182106E-05 -0.4526036E-05  0.1103508E-01  0.1943673E-02 -0.3888895E+00  0.3627317E-05

       910      0  0.0000000E+00  0.0000000E+00  0.0000000E+00  0.0000000E+00  0.0000000E+00  0.0000000E+00
       910      1  0.0000000E+00  0.0000000E+00  0.0000000E+00  0.0000000E+00  0.0000000E+00  0.0000000E+00
       910      2  0.4436470E-06 -0.4093715E-06 -0.1621725E-02 -0.3961914E-03 -0.1546923E-01  0.1532896E-06
       910      3  0.2228841E-05 -0.1064810E-05 -0.4443043E-02 -0.7519818E-03 -0.6189583E-01  0.6117099E-06
       910      4 -0.1678566E-04  0.2856271E-05 -0.2736212E-02 -0.1354425E-02 -0.3918166E+00  0.3670384E-05

       920      0  0.0000000E+00  0.0000000E+00  0.0000000E+00  0.0000000E+00  0.0000000E+00  0.0000000E+00
       920      1  0.0000000E+00  0.0000000E+00  0.0000000E+00  0.0000000E+00  0.0000000E+00  0.0000000E+00
       920      2 -0.3832616E-06  0.7196214E-07 -0.9585805E-03  0.8568829E-05 -0.1557893E-01  0.1549320E-06
       920      3 -0.2102037E-05 -0.5624112E-06  0.1210392E-02  0.5583946E-03 -0.6233390E-01  0.6196099E-06
       920      4  0.7021376E-05  0.9072226E-05 -0.9057864E-02 -0.9649512E-03 -0.3947289E+00  0.3699153E-05

       930      0  0.0000000E+00  0.0000000E+00  0.0000000E+00  0.0000000E+00  0.0000000E+00  0.0000000E+00
       930      1  0.0000000E+00  0.0000000E+00  0.0000000E+00  0.0000000E+00  0.0000000E+00  0.0000000E+00
       930      2 -0.8683289E-07  0.1061013E-07  0.2202041E-02  0.3910050E-03 -0.1568725E-01  0.1564726E-06
       930      3 -0.1067373E-05  0.1415348E-05  0.3692444E-02  0.4057096E-03 -0.6276931E-01  0.6251657E-06
       930      4  0.1845067E-04 -0.9474665E-05  0.9280406E-02  0.2051760E-02 -0.3976077E+00  0.3738306E-05

       940      0  0.0000000E+00  0.0000000E+00  0.0000000E+00  0.0000000E+00  0.0000000E+00  0.0000000E+00
       940      1  0.0000000E+00  0.0000000E+00  0.0000000E+00  0.0000000E+00  0.0000000E+00  0.0000000E+00
       940      2 -0.2577489E-06  0.1413098E-06 -0.3744916E-03 -0.2452750E-03 -0.1579473E-01  0.1584313E-06
       940      3  0.1221285E-05 -0.3678943E-06 -0.3500050E-02 -0.8099812E-03 -0.6319882E-01  0.6325503E-06
       940      4 -0.6732785E-05 -0.1593404E-05  0.2353556E-02 -0.5171318E-03 -0.4004778E+00  0.3775874E-05

       950      0  0.0000000E+00  0.0000000E+00  0.0000000E+00  0.0000000E+00  0.0000000E+00  0.0000000E+00
       950      1  0.0000000E+00  0.0000000E+00  0.0000000E+00  0.0000000E+00  0.0000000E+00  0.0000000E+00
       950      2  0.5867012E-06  0.1242887E-06 -0.1975330E-02 -0.2425192E-03 -0.1590147E-01  0.1598089E-06
       950      3  0.8609226E-06  0.2911057E-06 -0.1522128E-02  0.9653693E-04 -0.6362664E-01  0.6393221E-06
       950      4 -0.2443690E-05  0.1155073E-05 -0.1098093E-01 -0.1678202E-02 -0.4033218E+00  0.3804856E-05

       960      0  0.0000000E+00  0.0000000E+00  0.0000000E+00  0.0000000E+00  0.0000000E+00  0.0000000E+00
       960      1  0.0000000E+00  0.0000000E+00  0.0000000E+00  0.0000000E+00  0.0000000E+00  0.0000000E+00
       960      2  0.3410029E-06 -0.4199691E-06  0.1570315E-02  0.3920920E-03 -0.1600679E-01  0.1617175E-06
       960      3  0.1771171E-05 -0.1029807E-05  0.4443928E-02  0.7501291E-03 -0.6404933E-01  0.6452527E-06
       960      4 -0.9013451E-05  0.6176212E-06  0.5577272E-02  0.1729213E-02 -0.4061415E+00  0.3847564E-05

       970      0  0.0000000E+00  0.0000000E+00  0.0000000E+00  0.0000000E+00  0.0000000E+00  0.0000000E+00
       970      1  0.0000000E+00  0.0000000E+00  0.0000000E+00  0.0000000E+00  0.0000000E+00  0.0000000E+00
       970      2 -0.4618680E-06  0.1208790E-06  0.1024693E-02  0.5155494E-05 -0.1611174E-01  0.1633397E-06
       970      3 -0.2366258E-05 -0.3586902E-06 -0.1233326E-02 -0.5616525E-03 -0.6446839E-01  0.6531528E-06
       970      4  0.6218852E-05  0.8061672E-05  0.6951905E-02  0.4290802E-03 -0.4089525E+00  0.3878017E-05

       980      0  0.0000000E+00  0.0000000E+00  0.0000000E+00  0.0000000E+00  0.0000000E+00  0.0000000E+00
       980      1  0.0000000E+00  0.0000000E+00  0.0000000E+00  0.0000000E+00  0.0000000E+00  0.0000000E+00
       980      2 -0.5509968E-07  0.3260596E-07 -0.2190644E-02 -0.3952142E-03 -0.1621532E-01  0.1648988E-06
       980      3 -0.7646778E-06  0.1504506E-05 -0.3679164E-02 -0.4018619E-03 -0.6488497E-01  0.6587099E-06
       980      4  0.2019576E-04 -0.9486570E-05 -0.1059937E-01 -0.2039399E-02 -0.4117307E+00  0.3912309E-05

       990      0  0.0000000E+00  0.0000000E+00  0.0000000E+00  0.0000000E+00  0.0000000E+00  0.0000000E+00
       990      1  0.0000000E+00  0.0000000E+00  0.0000000E+00  0.0000000E+00  0.0000000E+00  0.0000000E+00
       990      2 -0.1567763E-06  0.1320353E-06  0.3014548E-03  0.2340943E-03 -0.1631815E-01  0.1668473E-06
       990      3  0.1668456E-05 -0.5371002E-06  0.3514589E-02  0.8108359E-03 -0.6529582E-01  0.6660802E-06
       990      4 -0.1173655E-04 -0.3642897E-05  0.7026006E-03  0.1043595E-02 -0.4144968E+00  0.3952623E-05

      1000      0  0.0000000E+00  0.0000000E+00  0.0000000E+00  0.0000000E+00  0.0000000E+00  0.0000000E+00
      1000      1  0.0000000E+00  0.0000000E+00  0.0000000E+00  0.0000000E+00  0.0000000E+00  0.0000000E+00
      1000      2  0.6277758E-06  0.6558316E-07  0.2008152E-02  0.2534996E-03 -0.1642023E-01  0.1682227E-06
      1000      3  0.7617496E-06  0.1141287E-06  0.1499988E-02 -0.1008787E-03 -0.6570516E-01  0.6728616E-06
      1000      4 -0.6598251E-05  0.6519267E-05  0.1009166E-01  0.1285546E-02 -0.4172451E+00  0.3979628E-05
