# number of spin vectors:       5
# iteration vector   S_X            S_Y            S_Z
         0      0  0.0000000E+00  0.0000000E+00  0.0000000E+00
         0      1  0.0000000E+00  0.0000000E+00  0.1000000E+01
         0      2  0.0000000E+00  0.0000000E+00  0.1000000E+01
         0      3  0.0000000E+00  0.0000000E+00  0.1000000E+01
         0      4  0.0000000E+00  0.0000000E+00  0.1000000E+01

        10      0  0.0000000E+00  0.0000000E+00  0.0000000E+00
        10      1 -0.8652608E-03  0.0000000E+00  0.9999996E+00
        10      2 -0.8634688E-03 -0.3294716E-03  0.9999996E+00
        10      3 -0.8580909E-03 -0.6572747E-03  0.9999994E+00
        10      4 -0.8203519E-03 -0.1611165E-02  0.9999984E+00

        20      0  0.0000000E+00  0.0000000E+00  0.0000000E+00
        20      1 -0.1730521E-02  0.0000000E+00  0.9999985E+00
        20      2 -0.1726504E-02  0.1985885E-03  0.9999985E+00
        20      3 -0.1714464E-02  0.4060278E-03  0.9999984E+00
        20      4 -0.1630713E-02  0.1162500E-02  0.9999980E+00

        30      0  0.0000000E+00  0.0000000E+00  0.0000000E+00
        30      1 -0.2595780E-02  0.0000000E+00  0.9999966E+00
        30      2 -0.2589630E-02  0.2080777E-03  0.9999966E+00
        30      3 -0.2571145E-02  0.4029909E-03  0.9999966E+00
        30      4 -0.2440189E-02  0.7622799E-03  0.9999967E+00

        40      0  0.0000000E+00  0.0000000E+00  0.0000000E+00
        40      1 -0.3461037E-02  0.0000000E+00  0.9999940E+00
        40      2 -0.3453323E-02 -0.3254178E-03  0.9999940E+00
        40      3 -0.3430210E-02 -0.6578034E-03  0.9999939E+00
        40      4 -0.3269251E-02 -0.1719845E-02  0.9999932E+00

        50      0  0.0000000E+00  0.0000000E+00  0.0000000E+00
        50      1 -0.4326291E-02  0.0000000E+00  0.9999906E+00
        50      2 -0.4316177E-02 -0.1182023E-04  0.9999907E+00
        50      3 -0.4285852E-02  0.3609148E-05  0.9999908E+00
        50      4 -0.4075014E-02  0.4792948E-03  0.9999916E+00

        60      0  0.0000000E+00  0.0000000E+00  0.0000000E+00
        60      1 -0.5191542E-02  0.0000000E+00  0.9999865E+00
        60      2 -0.5179382E-02  0.3314496E-03  0.9999865E+00
        60      3 -0.5142828E-02  0.6532985E-03  0.9999866E+00
        60      4 -0.4883052E-02  0.1366224E-02  0.9999871E+00

        70      0  0.0000000E+00  0.0000000E+00  0.0000000E+00
        70      1 -0.6056790E-02  0.0000000E+00  0.9999817E+00
        70      2 -0.6042174E-02 -0.1898406E-03  0.9999817E+00
        70      3 -0.5998390E-02 -0.4109282E-03  0.9999819E+00
        70      4 -0.5694386E-02 -0.1474256E-02  0.9999827E+00

        80      0  0.0000000E+00  0.0000000E+00  0.0000000E+00
        80      1 -0.6922032E-02  0.0000000E+00  0.9999760E+00
        80      2 -0.6905121E-02 -0.2172185E-03  0.9999761E+00
        80      3 -0.6854317E-02 -0.3997372E-03  0.9999764E+00
        80      4 -0.6497273E-02 -0.3017518E-03  0.9999788E+00

        90      0  0.0000000E+00  0.0000000E+00  0.0000000E+00
        90      1 -0.7787270E-02  0.0000000E+00  0.9999697E+00
        90      2 -0.7768549E-02  0.3203400E-03  0.9999698E+00
        90      3 -0.7712434E-02  0.6569128E-03  0.9999700E+00
        90      4 -0.7319133E-02  0.1687599E-02  0.9999718E+00

       100      0  0.0000000E+00  0.0000000E+00  0.0000000E+00
       100      1 -0.8652501E-02  0.0000000E+00  0.9999626E+00
       100      2 -0.8631100E-02  0.2216106E-04  0.9999628E+00
       100      3 -0.8566917E-02 -0.1007109E-04  0.9999633E+00
       100      4 -0.8120992E-02 -0.9259844E-03  0.9999666E+00

       110      0  0.0000000E+00  0.0000000E+00  0.0000000E+00
       110      1 -0.9517727E-02  0.0000000E+00  0.9999547E+00
       110      2 -0.9494040E-02 -0.3345033E-03  0.9999549E+00
       110      3 -0.9422836E-02 -0.6521567E-03  0.9999554E+00
       110      4 -0.8917173E-02 -0.1019897E-02  0.9999597E+00

       120      0  0.0000000E+00  0.0000000E+00  0.0000000E+00
       120      1 -0.1038294E-01  0.0000000E+00  0.9999461E+00
       120      2 -0.1035659E-01  0.1794857E-03  0.9999464E+00
       120      3 -0.1027764E-01  0.4129086E-03  0.9999471E+00
       120      4 -0.9728711E-02  0.1660151E-02  0.9999513E+00

       130      0  0.0000000E+00  0.0000000E+00  0.0000000E+00
       130      1 -0.1124815E-01  0.0000000E+00  0.9999367E+00
       130      2 -0.1121934E-01  0.2246706E-03  0.9999370E+00
       130      3 -0.1113279E-01  0.3936019E-03  0.9999380E+00
       130      4 -0.1052745E-01 -0.1884795E-03  0.9999446E+00

       140      0  0.0000000E+00  0.0000000E+00  0.0000000E+00
       140      1 -0.1211336E-01  0.0000000E+00  0.9999266E+00
       140      2 -0.1208248E-01 -0.3163702E-03  0.9999270E+00
       140      3 -0.1198991E-01 -0.6588423E-03  0.9999279E+00
       140      4 -0.1133853E-01 -0.1527541E-02  0.9999346E+00

       150      0  0.0000000E+00  0.0000000E+00  0.0000000E+00
       150      1 -0.1297855E-01  0.0000000E+00  0.9999158E+00
       150      2 -0.1294472E-01 -0.3388027E-04  0.9999162E+00
       150      3 -0.1284324E-01  0.1363291E-04  0.9999175E+00
       150      4 -0.1213797E-01  0.1290279E-02  0.9999255E+00

       160      0  0.0000000E+00  0.0000000E+00  0.0000000E+00
       160      1 -0.1384373E-01  0.0000000E+00  0.9999042E+00
       160      2 -0.1380739E-01  0.3357620E-03  0.9999046E+00
       160      3 -0.1369816E-01  0.6481054E-03  0.9999060E+00
       160      4 -0.1292456E-01  0.5862163E-03  0.9999163E+00

       170      0  0.0000000E+00  0.0000000E+00  0.0000000E+00
       170      1 -0.1470891E-01  0.0000000E+00  0.9998918E+00
       170      2 -0.1466969E-01 -0.1704031E-03  0.9998924E+00
       170      3 -0.1455225E-01 -0.4177110E-03  0.9998940E+00
       170      4 -0.1373397E-01 -0.1719870E-02  0.9999042E+00

       180      0  0.0000000E+00  0.0000000E+00  0.0000000E+00
       180      1 -0.1557407E-01  0.0000000E+00  0.9998787E+00
       180      2 -0.1553223E-01 -0.2332955E-03  0.9998793E+00
       180      3 -0.1540660E-01 -0.3903367E-03  0.9998812E+00
       180      4 -0.1453075E-01  0.6549573E-03  0.9998942E+00

       190      0  0.0000000E+00  0.0000000E+00  0.0000000E+00
       190      1 -0.1643922E-01  0.0000000E+00  0.9998649E+00
       190      2 -0.1639506E-01  0.3106452E-03  0.9998655E+00
       190      3 -0.1626266E-01  0.6578440E-03  0.9998675E+00
       190      4 -0.1532887E-01  0.1238888E-02  0.9998817E+00

       200      0  0.0000000E+00  0.0000000E+00  0.0000000E+00
       200      1 -0.1730435E-01  0.0000000E+00  0.9998503E+00
       200      2 -0.1725698E-01  0.4409756E-04  0.9998511E+00
       200      3 -0.1711485E-01 -0.2003506E-04  0.9998535E+00
       200      4 -0.1612607E-01 -0.1557545E-02  0.9998688E+00

       210      0  0.0000000E+00  0.0000000E+00  0.0000000E+00
       210      1 -0.1816948E-01  0.0000000E+00  0.9998349E+00
       210      2 -0.1811939E-01 -0.3380939E-03  0.9998358E+00
       210      3 -0.1796885E-01 -0.6468935E-03  0.9998383E+00
       210      4 -0.1690661E-01 -0.1144583E-03  0.9998571E+00

       220      0  0.0000000E+00  0.0000000E+00  0.0000000E+00
       220      1 -0.1903459E-01  0.0000000E+00  0.9998188E+00
       220      2 -0.1898144E-01  0.1597343E-03  0.9998198E+00
       220      3 -0.1882224E-01  0.4195842E-03  0.9998228E+00
       220      4 -0.1771080E-01  0.1634941E-02  0.9998418E+00

       230      0  0.0000000E+00  0.0000000E+00  0.0000000E+00
       230      1 -0.1989969E-01  0.0000000E+00  0.9998020E+00
       230      2 -0.1984375E-01  0.2402164E-03  0.9998031E+00
       230      3 -0.1967574E-01  0.3842002E-03  0.9998063E+00
       230      4 -0.1850678E-01 -0.1074772E-02  0.9998282E+00

       240      0  0.0000000E+00  0.0000000E+00  0.0000000E+00
       240      1 -0.2076477E-01  0.0000000E+00  0.9997844E+00
       240      2 -0.2070624E-01 -0.3060399E-03  0.9997856E+00
       240      3 -0.2053072E-01 -0.6596632E-03  0.9997890E+00
       240      4 -0.1929182E-01 -0.8596028E-03  0.9998135E+00

       250      0  0.0000000E+00  0.0000000E+00  0.0000000E+00
       250      1 -0.2162984E-01  0.0000000E+00  0.9997660E+00
       250      2 -0.2156783E-01 -0.5567083E-04  0.9997674E+00
       250      3 -0.2138180E-01  0.2352526E-04  0.9997714E+00
       250      4 -0.2008570E-01  0.1692616E-02  0.9997968E+00

       260      0  0.0000000E+00  0.0000000E+00  0.0000000E+00
       260      1 -0.2249489E-01  0.0000000E+00  0.9997470E+00
       260      2 -0.2242997E-01  0.3386290E-03  0.9997484E+00
       260      3 -0.2223494E-01  0.6427770E-03  0.9997526E+00
       260      4 -0.2086410E-01 -0.3717650E-03  0.9997823E+00

       270      0  0.0000000E+00  0.0000000E+00  0.0000000E+00
       270      1 -0.2335992E-01  0.0000000E+00  0.9997271E+00
       270      2 -0.2329176E-01 -0.1503593E-03  0.9997287E+00
       270      3 -0.2308764E-01 -0.4242709E-03  0.9997334E+00
       270      4 -0.2166022E-01 -0.1427051E-02  0.9997644E+00

       280      0  0.0000000E+00  0.0000000E+00  0.0000000E+00
       280      1 -0.2422494E-01  0.0000000E+00  0.9997065E+00
       280      2 -0.2415382E-01 -0.2482952E-03  0.9997082E+00
       280      3 -0.2394024E-01 -0.3809440E-03  0.9997133E+00
       280      4 -0.2245508E-01  0.1400499E-02  0.9997469E+00

       290      0  0.0000000E+00  0.0000000E+00  0.0000000E+00
       290      1 -0.2508993E-01  0.0000000E+00  0.9996852E+00
       290      2 -0.2501595E-01  0.2996917E-03  0.9996870E+00
       290      3 -0.2479410E-01  0.6585527E-03  0.9996924E+00
       290      4 -0.2322897E-01  0.4063134E-03  0.9997301E+00

       300      0  0.0000000E+00  0.0000000E+00  0.0000000E+00
       300      1 -0.2595491E-01  0.0000000E+00  0.9996631E+00
       300      2 -0.2587722E-01  0.6571990E-04  0.9996651E+00
       300      3 -0.2564412E-01 -0.2984456E-04  0.9996711E+00
       300      4 -0.2401773E-01 -0.1699486E-02  0.9997101E+00

       310      0  0.0000000E+00  0.0000000E+00  0.0000000E+00
       310      1 -0.2681987E-01  0.0000000E+00  0.9996403E+00
       310      2 -0.2673910E-01 -0.3402361E-03  0.9996424E+00
       310      3 -0.2649645E-01 -0.6415050E-03  0.9996487E+00
       310      4 -0.2479716E-01  0.8195561E-03  0.9996922E+00

       320      0  0.0000000E+00  0.0000000E+00  0.0000000E+00
       320      1 -0.2768481E-01  0.0000000E+00  0.9996167E+00
       320      2 -0.2760062E-01  0.1394196E-03  0.9996190E+00
       320      3 -0.2734846E-01  0.4260207E-03  0.9996259E+00
       320      4 -0.2558345E-01  0.1099344E-02  0.9996721E+00

       330      0  0.0000000E+00  0.0000000E+00  0.0000000E+00
       330      1 -0.2854973E-01  0.0000000E+00  0.9995924E+00
       330      2 -0.2846239E-01  0.2546557E-03  0.9995948E+00
       330      3 -0.2820009E-01  0.3748264E-03  0.9996022E+00
       330      4 -0.2637541E-01 -0.1620827E-02  0.9996508E+00

       340      0  0.0000000E+00  0.0000000E+00  0.0000000E+00
       340      1 -0.2941463E-01  0.0000000E+00  0.9995673E+00
       340      2 -0.2932415E-01 -0.2944761E-03  0.9995699E+00
       340      3 -0.2905282E-01 -0.6602583E-03  0.9995777E+00
       340      4 -0.2714160E-01  0.7030387E-04  0.9996316E+00

       350      0  0.0000000E+00  0.0000000E+00  0.0000000E+00
       350      1 -0.3027950E-01  0.0000000E+00  0.9995415E+00
       350      2 -0.3018509E-01 -0.7710280E-04  0.9995443E+00
       350      3 -0.2990184E-01  0.3324127E-04  0.9995528E+00
       350      4 -0.2792340E-01  0.1564118E-02  0.9996088E+00

       360      0  0.0000000E+00  0.0000000E+00  0.0000000E+00
       360      1 -0.3114436E-01  0.0000000E+00  0.9995149E+00
       360      2 -0.3104671E-01  0.3400458E-03  0.9995179E+00
       360      3 -0.3075341E-01  0.6373335E-03  0.9995268E+00
       360      4 -0.2870542E-01 -0.1207777E-02  0.9995872E+00

       370      0  0.0000000E+00  0.0000000E+00  0.0000000E+00
       370      1 -0.3200919E-01  0.0000000E+00  0.9994876E+00
       370      2 -0.3190794E-01 -0.1297955E-03  0.9994908E+00
       370      3 -0.3160470E-01 -0.4305766E-03  0.9995004E+00
       370      4 -0.2948169E-01 -0.6928541E-03  0.9995651E+00

       380      0  0.0000000E+00  0.0000000E+00  0.0000000E+00
       380      1 -0.3287399E-01  0.0000000E+00  0.9994595E+00
       380      2 -0.3276941E-01 -0.2621603E-03  0.9994629E+00
       380      3 -0.3245531E-01 -0.3715987E-03  0.9994731E+00
       380      4 -0.3026798E-01  0.1704583E-02  0.9995404E+00

       390      0  0.0000000E+00  0.0000000E+00  0.0000000E+00
       390      1 -0.3373877E-01  0.0000000E+00  0.9994307E+00
       390      2 -0.3363078E-01  0.2875311E-03  0.9994343E+00
       390      3 -0.3330691E-01  0.6590329E-03  0.9994450E+00
       390      4 -0.3103050E-01 -0.5465150E-03  0.9995183E+00

       400      0  0.0000000E+00  0.0000000E+00  0.0000000E+00
       400      1 -0.3460353E-01  0.0000000E+00  0.9994011E+00
       400      2 -0.3449140E-01  0.8693951E-04  0.9994050E+00
       400      3 -0.3415499E-01 -0.3945701E-04  0.9994165E+00
       400      4 -0.3180427E-01 -0.1312351E-02  0.9994933E+00

       410      0  0.0000000E+00  0.0000000E+00  0.0000000E+00
       410      1 -0.3546826E-01  0.0000000E+00  0.9993708E+00
       410      2 -0.3535274E-01 -0.3409276E-03  0.9993748E+00
       410      3 -0.3500584E-01 -0.6360116E-03  0.9993869E+00
       410      4 -0.3258836E-01  0.1491806E-02  0.9994677E+00

       420      0  0.0000000E+00  0.0000000E+00  0.0000000E+00
       420      1 -0.3633296E-01  0.0000000E+00  0.9993397E+00
       420      2 -0.3621366E-01  0.1186289E-03  0.9993441E+00
       420      3 -0.3585636E-01  0.4321891E-03  0.9993569E+00
       420      4 -0.3335592E-01  0.2261912E-03  0.9994435E+00

       430      0  0.0000000E+00  0.0000000E+00  0.0000000E+00
       430      1 -0.3719764E-01  0.0000000E+00  0.9993079E+00
       430      2 -0.3707481E-01  0.2679334E-03  0.9993125E+00
       430      3 -0.3670591E-01  0.3655190E-03  0.9993260E+00
       430      4 -0.3413369E-01 -0.1660071E-02  0.9994159E+00

       440      0  0.0000000E+00  0.0000000E+00  0.0000000E+00
       440      1 -0.3806228E-01  0.0000000E+00  0.9992754E+00
       440      2 -0.3793579E-01 -0.2817327E-03  0.9992801E+00
       440      3 -0.3755640E-01 -0.6606230E-03  0.9992943E+00
       440      4 -0.3489598E-01  0.9705391E-03  0.9993905E+00

       450      0  0.0000000E+00  0.0000000E+00  0.0000000E+00
       450      1 -0.3892690E-01  0.0000000E+00  0.9992421E+00
       450      2 -0.3879608E-01 -0.9808824E-04  0.9992471E+00
       450      3 -0.3840360E-01  0.4274066E-04  0.9992623E+00
       450      4 -0.3566185E-01  0.9508079E-03  0.9993635E+00

       460      0  0.0000000E+00  0.0000000E+00  0.0000000E+00
       460      1 -0.3979149E-01  0.0000000E+00  0.9992080E+00
       460      2 -0.3965714E-01  0.3400129E-03  0.9992133E+00
       460      3 -0.3925373E-01  0.6317955E-03  0.9992291E+00
       460      4 -0.3644557E-01 -0.1663920E-02  0.9993343E+00

       470      0  0.0000000E+00  0.0000000E+00  0.0000000E+00
       470      1 -0.4065606E-01  0.0000000E+00  0.9991732E+00
       470      2 -0.4051774E-01 -0.1088001E-03  0.9991788E+00
       470      3 -0.4010344E-01 -0.4366016E-03  0.9991954E+00
       470      4 -0.3720676E-01  0.2492022E-03  0.9993076E+00

       480      0  0.0000000E+00  0.0000000E+00  0.0000000E+00
       480      1 -0.4152059E-01  0.0000000E+00  0.9991376E+00
       480      2 -0.4137853E-01 -0.2748378E-03  0.9991435E+00
       480      3 -0.4095188E-01 -0.3623381E-03  0.9991611E+00
       480      4 -0.3797396E-01  0.1477487E-02  0.9992776E+00

       490      0  0.0000000E+00  0.0000000E+00  0.0000000E+00
       490      1 -0.4238508E-01  0.0000000E+00  0.9991013E+00
       490      2 -0.4223911E-01  0.2742194E-03  0.9991075E+00
       490      3 -0.4180129E-01  0.6592819E-03  0.9991257E+00
       490      4 -0.3873807E-01 -0.1323459E-02  0.9992485E+00

       500      0  0.0000000E+00  0.0000000E+00  0.0000000E+00
       500      1 -0.4324955E-01  0.0000000E+00  0.9990643E+00
       500      2 -0.4309908E-01  0.1076692E-03  0.9990708E+00
       500      3 -0.4264767E-01 -0.4883437E-04  0.9990902E+00
       500      4 -0.3949742E-01 -0.5230446E-03  0.9992195E+00

       510      0  0.0000000E+00  0.0000000E+00  0.0000000E+00
       510      1 -0.4411399E-01  0.0000000E+00  0.9990265E+00
       510      2 -0.4395984E-01 -0.3401716E-03  0.9990332E+00
       510      3 -0.4349710E-01 -0.6304342E-03  0.9990534E+00
       510      4 -0.4027708E-01  0.1697009E-02  0.9991871E+00

       520      0  0.0000000E+00  0.0000000E+00  0.0000000E+00
       520      1 -0.4497839E-01  0.0000000E+00  0.9989880E+00
       520      2 -0.4482010E-01  0.9745127E-04  0.9989951E+00
       520      3 -0.4434593E-01  0.4380650E-03  0.9990161E+00
       520      4 -0.4103448E-01 -0.7100424E-03  0.9991575E+00

       530      0  0.0000000E+00  0.0000000E+00  0.0000000E+00
       530      1 -0.4584276E-01  0.0000000E+00  0.9989487E+00
       530      2 -0.4568052E-01  0.2799985E-03  0.9989561E+00
       530      3 -0.4519324E-01  0.3563138E-03  0.9989782E+00
       530      4 -0.4179061E-01 -0.1186440E-02  0.9991257E+00

       540      0  0.0000000E+00  0.0000000E+00  0.0000000E+00
       540      1 -0.4670709E-01  0.0000000E+00  0.9989086E+00
       540      2 -0.4654069E-01 -0.2678680E-03  0.9989164E+00
       540      3 -0.4604162E-01 -0.6607562E-03  0.9989393E+00
       540      4 -0.4255665E-01  0.1563766E-02  0.9990928E+00

       550      0  0.0000000E+00  0.0000000E+00  0.0000000E+00
       550      1 -0.4757139E-01  0.0000000E+00  0.9988678E+00
       550      2 -0.4740034E-01 -0.1185407E-03  0.9988760E+00
       550      3 -0.4688723E-01  0.5198751E-04  0.9989002E+00
       550      4 -0.4331172E-01  0.4904857E-04  0.9990616E+00

       560      0  0.0000000E+00  0.0000000E+00  0.0000000E+00
       560      1 -0.4843565E-01  0.0000000E+00  0.9988263E+00
       560      2 -0.4826080E-01  0.3385360E-03  0.9988347E+00
       560      3 -0.4773593E-01  0.6261840E-03  0.9988598E+00
       560      4 -0.4408350E-01 -0.1603557E-02  0.9990266E+00

       570      0  0.0000000E+00  0.0000000E+00  0.0000000E+00
       570      1 -0.4929988E-01  0.0000000E+00  0.9987840E+00
       570      2 -0.4912068E-01 -0.8746297E-04  0.9987928E+00
       570      3 -0.4858383E-01 -0.4423235E-03  0.9988190E+00
       570      4 -0.4483908E-01  0.1106128E-02  0.9989936E+00

       580      0  0.0000000E+00  0.0000000E+00  0.0000000E+00
       580      1 -0.5016407E-01  0.0000000E+00  0.9987410E+00
       580      2 -0.4998072E-01 -0.2862788E-03  0.9987501E+00
       580      3 -0.4943000E-01 -0.3531969E-03  0.9987775E+00
       580      4 -0.4558545E-01  0.7965409E-03  0.9989601E+00

       590      0  0.0000000E+00  0.0000000E+00  0.0000000E+00
       590      1 -0.5102822E-01  0.0000000E+00  0.9986972E+00
       590      2 -0.5084047E-01  0.2598173E-03  0.9987068E+00
       590      3 -0.5027739E-01  0.6592996E-03  0.9987351E+00
       590      4 -0.4635180E-01 -0.1687463E-02  0.9989238E+00

       600      0  0.0000000E+00  0.0000000E+00  0.0000000E+00
       600      1 -0.5189234E-01  0.0000000E+00  0.9986527E+00
       600      2 -0.5169980E-01  0.1278234E-03  0.9986627E+00
       600      3 -0.5112227E-01 -0.5794275E-04  0.9986924E+00
       600      4 -0.4710499E-01  0.4195510E-03  0.9988899E+00

       610      0  0.0000000E+00  0.0000000E+00  0.0000000E+00
       610      1 -0.5275641E-01  0.0000000E+00  0.9986074E+00
       610      2 -0.5255993E-01 -0.3379767E-03  0.9986177E+00
       610      3 -0.5197021E-01 -0.6247940E-03  0.9986484E+00
       610      4 -0.4786593E-01  0.1377690E-02  0.9988528E+00

       620      0  0.0000000E+00  0.0000000E+00  0.0000000E+00
       620      1 -0.5362045E-01  0.0000000E+00  0.9985614E+00
       620      2 -0.5341942E-01  0.7597757E-04  0.9985722E+00
       620      3 -0.5281713E-01  0.4436283E-03  0.9986041E+00
       620      4 -0.4862052E-01 -0.1421087E-02  0.9988163E+00

       630      0  0.0000000E+00  0.0000000E+00  0.0000000E+00
       630      1 -0.5448445E-01  0.0000000E+00  0.9985146E+00
       630      2 -0.5427906E-01  0.2908044E-03  0.9985258E+00
       630      3 -0.5366215E-01  0.3472447E-03  0.9985591E+00
       630      4 -0.4936002E-01 -0.3533118E-03  0.9987810E+00

       640      0  0.0000000E+00  0.0000000E+00  0.0000000E+00
       640      1 -0.5534840E-01  0.0000000E+00  0.9984671E+00
       640      2 -0.5513839E-01 -0.2529446E-03  0.9984787E+00
       640      3 -0.5450862E-01 -0.6606591E-03  0.9985131E+00
       640      4 -0.5012387E-01  0.1671462E-02  0.9987416E+00

       650      0  0.0000000E+00  0.0000000E+00  0.0000000E+00
       650      1 -0.5621232E-01  0.0000000E+00  0.9984188E+00
       650      2 -0.5599740E-01 -0.1383757E-03  0.9984309E+00
       650      3 -0.5535280E-01  0.6094993E-04  0.9984669E+00
       650      4 -0.5087695E-01 -0.8604193E-03  0.9987046E+00

       660      0  0.0000000E+00  0.0000000E+00  0.0000000E+00
       660      1 -0.5707619E-01  0.0000000E+00  0.9983698E+00
       660      2 -0.5685719E-01  0.3356266E-03  0.9983823E+00
       660      3 -0.5619993E-01  0.6205203E-03  0.9984193E+00
       660      4 -0.5162585E-01 -0.1052343E-02  0.9986659E+00

       670      0  0.0000000E+00  0.0000000E+00  0.0000000E+00
       670      1 -0.5794002E-01  0.0000000E+00  0.9983201E+00
       670      2 -0.5771625E-01 -0.6587572E-04  0.9983330E+00
       670      3 -0.5704581E-01 -0.4477240E-03  0.9983715E+00
       670      4 -0.5237894E-01  0.1616701E-02  0.9986260E+00

       680      0  0.0000000E+00  0.0000000E+00  0.0000000E+00
       680      1 -0.5880380E-01  0.0000000E+00  0.9982696E+00
       680      2 -0.5857548E-01 -0.2964393E-03  0.9982829E+00
       680      3 -0.5788971E-01 -0.3442076E-03  0.9983229E+00
       680      4 -0.5311532E-01 -0.1224268E-03  0.9985884E+00

       690      0  0.0000000E+00  0.0000000E+00  0.0000000E+00
       690      1 -0.5966754E-01  0.0000000E+00  0.9982183E+00
       690      2 -0.5943440E-01  0.2443894E-03  0.9982322E+00
       690      3 -0.5873531E-01  0.6590886E-03  0.9982734E+00
       690      4 -0.5387365E-01 -0.1532216E-02  0.9985466E+00

       700      0  0.0000000E+00  0.0000000E+00  0.0000000E+00
       700      1 -0.6053124E-01  0.0000000E+00  0.9981663E+00
       700      2 -0.6029308E-01  0.1473186E-03  0.9981807E+00
       700      3 -0.5957880E-01 -0.6675216E-04  0.9982236E+00
       700      4 -0.5462710E-01  0.1225307E-02  0.9985061E+00

       710      0  0.0000000E+00  0.0000000E+00  0.0000000E+00
       710      1 -0.6139489E-01  0.0000000E+00  0.9981136E+00
       710      2 -0.6115250E-01 -0.3343571E-03  0.9981284E+00
       710      3 -0.6042508E-01 -0.6191121E-03  0.9981725E+00
       710      4 -0.5536479E-01  0.6395912E-03  0.9984660E+00

       720      0  0.0000000E+00  0.0000000E+00  0.0000000E+00
       720      1 -0.6225850E-01  0.0000000E+00  0.9980601E+00
       720      2 -0.6201113E-01  0.5429996E-04  0.9980755E+00
       720      3 -0.6126988E-01  0.4488624E-03  0.9981211E+00
       720      4 -0.5611486E-01 -0.1692720E-02  0.9984229E+00

       730      0  0.0000000E+00  0.0000000E+00  0.0000000E+00
       730      1 -0.6312206E-01  0.0000000E+00  0.9980058E+00
       730      2 -0.6286993E-01  0.3003095E-03  0.9980217E+00
       730      3 -0.6211268E-01  0.3383428E-03  0.9980691E+00
       730      4 -0.5685172E-01  0.5793497E-03  0.9983825E+00

       740      0  0.0000000E+00  0.0000000E+00  0.0000000E+00
       740      1 -0.6398557E-01  0.0000000E+00  0.9979508E+00
       740      2 -0.6372843E-01 -0.2370295E-03  0.9979672E+00
       740      3 -0.6295747E-01 -0.6603353E-03  0.9980160E+00
       740      4 -0.5760214E-01  0.1267416E-02  0.9983388E+00

       750      0  0.0000000E+00  0.0000000E+00  0.0000000E+00
       750      1 -0.6484903E-01  0.0000000E+00  0.9978951E+00
       750      2 -0.6458677E-01 -0.1575109E-03  0.9979121E+00
       750      3 -0.6380027E-01  0.6959971E-04  0.9979627E+00
       750      4 -0.5835497E-01 -0.1500615E-02  0.9982948E+00

       760      0  0.0000000E+00  0.0000000E+00  0.0000000E+00
       760      1 -0.6571245E-01  0.0000000E+00  0.9978386E+00
       760      2 -0.6544580E-01  0.3313017E-03  0.9978561E+00
       760      3 -0.6464562E-01  0.6148254E-03  0.9979081E+00
       760      4 -0.5908409E-01 -0.1863912E-03  0.9982530E+00

       770      0  0.0000000E+00  0.0000000E+00  0.0000000E+00
       770      1 -0.6657581E-01  0.0000000E+00  0.9977814E+00
       770      2 -0.6630397E-01 -0.4413104E-04  0.9977995E+00
       770      3 -0.6548931E-01 -0.4527884E-03  0.9978532E+00
       770      4 -0.5982920E-01  0.1629940E-02  0.9982073E+00

       780      0  0.0000000E+00  0.0000000E+00  0.0000000E+00
       780      1 -0.6743913E-01  0.0000000E+00  0.9977234E+00
       780      2 -0.6716234E-01 -0.3052799E-03  0.9977420E+00
       780      3 -0.6633107E-01 -0.3354004E-03  0.9977976E+00
       780      4 -0.6056902E-01 -0.9964704E-03  0.9981635E+00

       790      0  0.0000000E+00  0.0000000E+00  0.0000000E+00
       790      1 -0.6830239E-01  0.0000000E+00  0.9976647E+00
       790      2 -0.6802042E-01  0.2280049E-03  0.9976839E+00
       790      3 -0.6717509E-01  0.6586534E-03  0.9977410E+00
       790      4 -0.6131052E-01 -0.9128619E-03  0.9981183E+00

       800      0  0.0000000E+00  0.0000000E+00  0.0000000E+00
       800      1 -0.6916561E-01  0.0000000E+00  0.9976052E+00
       800      2 -0.6887841E-01  0.1660737E-03  0.9976250E+00
       800      3 -0.6801717E-01 -0.7523609E-04  0.9976841E+00
       800      4 -0.6206042E-01  0.1651483E-02  0.9980710E+00

       810      0  0.0000000E+00  0.0000000E+00  0.0000000E+00
       810      1 -0.7002877E-01  0.0000000E+00  0.9975450E+00
       810      2 -0.6973702E-01 -0.3293326E-03  0.9975654E+00
       810      3 -0.6886155E-01 -0.6134094E-03  0.9976260E+00
       810      4 -0.6278467E-01 -0.2860870E-03  0.9980271E+00

       820      0  0.0000000E+00  0.0000000E+00  0.0000000E+00
       820      1 -0.7089188E-01  0.0000000E+00  0.9974840E+00
       820      2 -0.7059471E-01  0.3251162E-04  0.9975051E+00
       820      3 -0.6970412E-01  0.4537542E-03  0.9975676E+00
       820      4 -0.6352328E-01 -0.1448503E-02  0.9979793E+00

       830      0  0.0000000E+00  0.0000000E+00  0.0000000E+00
       830      1 -0.7175494E-01  0.0000000E+00  0.9974223E+00
       830      2 -0.7145265E-01  0.3084772E-03  0.9974439E+00
       830      3 -0.7054487E-01  0.3296372E-03  0.9975086E+00
       830      4 -0.6426671E-01  0.1327773E-02  0.9979319E+00

       840      0  0.0000000E+00  0.0000000E+00  0.0000000E+00
       840      1 -0.7261794E-01  0.0000000E+00  0.9973598E+00
       840      2 -0.7231032E-01 -0.2201938E-03  0.9973822E+00
       840      3 -0.7138817E-01 -0.6597902E-03  0.9974484E+00
       840      4 -0.6499977E-01  0.4825829E-03  0.9978852E+00

       850      0  0.0000000E+00  0.0000000E+00  0.0000000E+00
       850      1 -0.7348089E-01  0.0000000E+00  0.9972966E+00
       850      2 -0.7316794E-01 -0.1758663E-03  0.9973196E+00
       850      3 -0.7222950E-01  0.7791197E-04  0.9973880E+00
       850      4 -0.6574388E-01 -0.1681329E-02  0.9978351E+00

       860      0  0.0000000E+00  0.0000000E+00  0.0000000E+00
       860      1 -0.7434379E-01  0.0000000E+00  0.9972327E+00
       860      2 -0.7402610E-01  0.3255841E-03  0.9972563E+00
       860      3 -0.7307284E-01  0.6091202E-03  0.9973264E+00
       860      4 -0.6646703E-01  0.7272184E-03  0.9977884E+00

       870      0  0.0000000E+00  0.0000000E+00  0.0000000E+00
       870      1 -0.7520662E-01  0.0000000E+00  0.9971680E+00
       870      2 -0.7488331E-01 -0.2232252E-04  0.9971923E+00
       870      3 -0.7391429E-01 -0.4575051E-03  0.9972645E+00
       870      4 -0.6719853E-01  0.1149277E-02  0.9977390E+00

       880      0  0.0000000E+00  0.0000000E+00  0.0000000E+00
       880      1 -0.7606941E-01  0.0000000E+00  0.9971025E+00
       880      2 -0.7574081E-01 -0.3127666E-03  0.9971275E+00
       880      3 -0.7475410E-01 -0.3268029E-03  0.9972019E+00
       880      4 -0.6794425E-01 -0.1562571E-02  0.9976879E+00

       890      0  0.0000000E+00  0.0000000E+00  0.0000000E+00
       890      1 -0.7693213E-01  0.0000000E+00  0.9970363E+00
       890      2 -0.7659805E-01  0.2107367E-03  0.9970620E+00
       890      3 -0.7559669E-01  0.6580000E-03  0.9971383E+00
       890      4 -0.6867067E-01 -0.2447715E-04  0.9976394E+00

       900      0  0.0000000E+00  0.0000000E+00  0.0000000E+00
       900      1 -0.7779480E-01  0.0000000E+00  0.9969694E+00
       900      2 -0.7745529E-01  0.1840102E-03  0.9969958E+00
       900      3 -0.7643721E-01 -0.8337125E-04  0.9970744E+00
       900      4 -0.6940636E-01  0.1574622E-02  0.9975872E+00

       910      0  0.0000000E+00  0.0000000E+00  0.0000000E+00
       910      1 -0.7865741E-01  0.0000000E+00  0.9969017E+00
       910      2 -0.7831298E-01 -0.3229289E-03  0.9969288E+00
       910      3 -0.7727946E-01 -0.6077067E-03  0.9970093E+00
       910      4 -0.7013124E-01 -0.1117656E-02  0.9975371E+00

       920      0  0.0000000E+00  0.0000000E+00  0.0000000E+00
       920      1 -0.7951996E-01  0.0000000E+00  0.9968333E+00
       920      2 -0.7916968E-01  0.1070647E-04  0.9968612E+00
       920      3 -0.7811981E-01  0.4582936E-03  0.9969439E+00
       920      4 -0.7085631E-01 -0.7704830E-03  0.9974862E+00

       930      0  0.0000000E+00  0.0000000E+00  0.0000000E+00
       930      1 -0.8038245E-01  0.0000000E+00  0.9967641E+00
       930      2 -0.8002674E-01  0.3152758E-03  0.9967927E+00
       930      3 -0.7895874E-01  0.3211542E-03  0.9968778E+00
       930      4 -0.7160133E-01  0.1669360E-02  0.9974319E+00

       940      0  0.0000000E+00  0.0000000E+00  0.0000000E+00
       940      1 -0.8124488E-01  0.0000000E+00  0.9966942E+00
       940      2 -0.8088355E-01 -0.2025124E-03  0.9967235E+00
       940      3 -0.7980063E-01 -0.6590305E-03  0.9968106E+00
       940      4 -0.7232356E-01 -0.4403603E-03  0.9973811E+00

       950      0  0.0000000E+00  0.0000000E+00  0.0000000E+00
       950      1 -0.8210725E-01  0.0000000E+00  0.9966235E+00
       950      2 -0.8174039E-01 -0.1933652E-03  0.9966536E+00
       950      3 -0.8064029E-01  0.8586493E-04  0.9967433E+00
       950      4 -0.7304934E-01 -0.1354863E-02  0.9973274E+00

       960      0  0.0000000E+00  0.0000000E+00  0.0000000E+00
       960      1 -0.8296956E-01  0.0000000E+00  0.9965521E+00
       960      2 -0.8259758E-01  0.3185020E-03  0.9965829E+00
       960      3 -0.8148141E-01  0.6034251E-03  0.9966747E+00
       960      4 -0.7377718E-01  0.1413797E-02  0.9972737E+00

       970      0  0.0000000E+00  0.0000000E+00  0.0000000E+00
       970      1 -0.8383181E-01  0.0000000E+00  0.9964799E+00
       970      2 -0.8345377E-01 -0.5443245E-06  0.9965117E+00
       970      3 -0.8232069E-01 -0.4618655E-03  0.9966058E+00
       970      4 -0.7449760E-01  0.3276438E-03  0.9972211E+00

       980      0  0.0000000E+00  0.0000000E+00  0.0000000E+00
       980      1 -0.8469399E-01  0.0000000E+00  0.9964070E+00
       980      2 -0.8431039E-01 -0.3188708E-03  0.9964395E+00
       980      3 -0.8315879E-01 -0.3184406E-03  0.9965363E+00
       980      4 -0.7523816E-01 -0.1655089E-02  0.9971642E+00

       990      0  0.0000000E+00  0.0000000E+00  0.0000000E+00
       990      1 -0.8555611E-01  0.0000000E+00  0.9963334E+00
       990      2 -0.8516676E-01  0.1926617E-03  0.9963667E+00
       990      3 -0.8399995E-01  0.6571361E-03  0.9964655E+00
       990      4 -0.7595851E-01  0.8623252E-03  0.9971106E+00

      1000      0  0.0000000E+00  0.0000000E+00  0.0000000E+00
      1000      1 -0.8641817E-01  0.0000000E+00  0.9962590E+00
      1000      2 -0.8602317E-01  0.2010530E-03  0.9962931E+00
      1000      3 -0.8483869E-01 -0.9113727E-04  0.9963947E+00
      1000      4 -0.7667454E-01  0.1025702E-02  0.9970556E+00
