 SGx1               SGx2               SGy1               SGy2               spin_ref          spin_x                  spin_y                  spin_z
 0.000000000000000  0.000000000000000 -4000.000000000000  0.000000000000000  0.000000000000000 -.2205852833725430E-008 -.1778441824362709E-007 0.2213626866440221E-004
 0.000000000000000  1000.000000000000 -4000.000000000000  0.000000000000000  0.000000000000000 -.2311695695977889E-008 -.1848982736363247E-007 0.2217450636768370E-004
 0.000000000000000  2000.000000000000 -4000.000000000000  0.000000000000000  0.000000000000000 -.2417660960318813E-008 -.1919390318905201E-007 0.2221281620773397E-004
 0.000000000000000  3000.000000000000 -4000.000000000000  0.000000000000000  0.000000000000000 -.2523748598992626E-008 -.1989664571988570E-007 0.2225119798737740E-004
 0.000000000000000  4000.000000000000 -4000.000000000000  0.000000000000000  0.000000000000000 -.2629958695266055E-008 -.2059805495613354E-007 0.2228965198411426E-004
 0.000000000000000  5000.000000000000 -4000.000000000000  0.000000000000000  0.000000000000000 -.2736291221383524E-008 -.2129813089779553E-007 0.2232817810243759E-004
 0.000000000000000  6000.000000000000 -4000.000000000000  0.000000000000000  0.000000000000000 -.2842746149589459E-008 -.2199687357262725E-007 0.2236677650002683E-004
 0.000000000000000  7000.000000000000 -4000.000000000000  0.000000000000000  0.000000000000000 -.2949323479883859E-008 -.2269428295287312E-007 0.2240544679582568E-004
 0.000000000000000  8000.000000000000 -4000.000000000000  0.000000000000000  0.000000000000000 -.3056023240022299E-008 -.2339035906628872E-007 0.2244418922323077E-004
 1000.000000000000  0.000000000000000 -4000.000000000000  0.000000000000000  0.000000000000000 -.2226840489782944E-008 -.1769769564230472E-007 0.2213574319948064E-004
 1000.000000000000  1000.000000000000 -4000.000000000000  0.000000000000000  0.000000000000000 -.2332761067647127E-008 -.1840151545029478E-007 0.2217395676162859E-004
 1000.000000000000  2000.000000000000 -4000.000000000000  0.000000000000000  0.000000000000000 -.2438804075355350E-008 -.1910400190818784E-007 0.2221224228854402E-004
 1000.000000000000  3000.000000000000 -4000.000000000000  0.000000000000000  0.000000000000000 -.2544969485152038E-008 -.1980515515476178E-007 0.2225059979460431E-004
 1000.000000000000  4000.000000000000 -4000.000000000000  0.000000000000000  0.000000000000000 -.2651257269281615E-008 -.2050497507899429E-007 0.2228902969853008E-004
 1000.000000000000  5000.000000000000 -4000.000000000000  0.000000000000000  0.000000000000000 -.2757667511010808E-008 -.2120346170864096E-007 0.2232753170716695E-004
 1000.000000000000  6000.000000000000 -4000.000000000000  0.000000000000000  0.000000000000000 -.2864200182584042E-008 -.2190061507145735E-007 0.2236610572758924E-004
 1000.000000000000  7000.000000000000 -4000.000000000000  0.000000000000000  0.000000000000000 -.2970855256245741E-008 -.2259643513968790E-007 0.2240475173323486E-004
 1000.000000000000  8000.000000000000 -4000.000000000000  0.000000000000000  0.000000000000000 -.3077632731995905E-008 -.2329092191333260E-007 0.2244346997004598E-004
 2000.000000000000  0.000000000000000 -4000.000000000000  0.000000000000000  0.000000000000000 -.2247829450352512E-008 -.1761090331897641E-007 0.2213521843036359E-004
 2000.000000000000  1000.000000000000 -4000.000000000000  0.000000000000000  0.000000000000000 -.2353827771583994E-008 -.1831313378719557E-007 0.2217340754204211E-004
 2000.000000000000  2000.000000000000 -4000.000000000000  0.000000000000000  0.000000000000000 -.2459948467148365E-008 -.1901403098858445E-007 0.2221166906601901E-004
 2000.000000000000  3000.000000000000 -4000.000000000000  0.000000000000000  0.000000000000000 -.2566191620312352E-008 -.1971359489538749E-007 0.2225000255162701E-004
 2000.000000000000  4000.000000000000 -4000.000000000000  0.000000000000000  0.000000000000000 -.2672557147809229E-008 -.2041182550760468E-007 0.2228840814416655E-004
 2000.000000000000  5000.000000000000 -4000.000000000000  0.000000000000000  0.000000000000000 -.2779045105150146E-008 -.2110872282523601E-007 0.2232688580419695E-004
 2000.000000000000  6000.000000000000 -4000.000000000000  0.000000000000000  0.000000000000000 -.2885655492335104E-008 -.2180428687603708E-007 0.2236543553071901E-004
 2000.000000000000  7000.000000000000 -4000.000000000000  0.000000000000000  0.000000000000000 -.2992388309364102E-008 -.2249851760449673E-007 0.2240405728651251E-004
 2000.000000000000  8000.000000000000 -4000.000000000000  0.000000000000000  0.000000000000000 -.3099243500725990E-008 -.2319141506612610E-007 0.2244275152191166E-004
 3000.000000000000  0.000000000000000 -4000.000000000000  0.000000000000000  0.000000000000000 -.2268819743189709E-008 -.1752404130139773E-007 0.2213469443229643E-004
 3000.000000000000  1000.000000000000 -4000.000000000000  0.000000000000000  0.000000000000000 -.2374895724521764E-008 -.1822468248535714E-007 0.2217285927427759E-004
 3000.000000000000  2000.000000000000 -4000.000000000000  0.000000000000000  0.000000000000000 -.2481094191209010E-008 -.1892399034697512E-007 0.2221109659167331E-004
 3000.000000000000  3000.000000000000 -4000.000000000000  0.000000000000000  0.000000000000000 -.2587415032229146E-008 -.1962196494176283E-007 0.2224940586642576E-004
 3000.000000000000  4000.000000000000 -4000.000000000000  0.000000000000000  0.000000000000000 -.2693858330848897E-008 -.2031860621420911E-007 0.2228778723725733E-004
 3000.000000000000  5000.000000000000 -4000.000000000000  0.000000000000000  0.000000000000000 -.2800424003801538E-008 -.2101391421982512E-007 0.2232624078926659E-004
 3000.000000000000  6000.000000000000 -4000.000000000000  0.000000000000000  0.000000000000000 -.2907112106598220E-008 -.2170788893085529E-007 0.2236476623754258E-004
 3000.000000000000  7000.000000000000 -4000.000000000000  0.000000000000000  0.000000000000000 -.3013922639238942E-008 -.2240053037505518E-007 0.2240336380313068E-004
 3000.000000000000  8000.000000000000 -4000.000000000000  0.000000000000000  0.000000000000000 -.3120855601723704E-008 -.2309183852466923E-007 0.2244203358636732E-004
 4000.000000000000  0.000000000000000 -4000.000000000000  0.000000000000000  0.000000000000000 -.2289811285027810E-008 -.1743710961732425E-007 0.2213417104188209E-004
 4000.000000000000  1000.000000000000 -4000.000000000000  0.000000000000000  0.000000000000000 -.2395965037482739E-008 -.1813616143375718E-007 0.2217231164192146E-004
 4000.000000000000  2000.000000000000 -4000.000000000000  0.000000000000000  0.000000000000000 -.2502241164270558E-008 -.1883387998335984E-007 0.2221052471068630E-004
 4000.000000000000  3000.000000000000 -4000.000000000000  0.000000000000000  0.000000000000000 -.2608639776413568E-008 -.1953026523837664E-007 0.2224880991782974E-004
 4000.000000000000  4000.000000000000 -4000.000000000000  0.000000000000000  0.000000000000000 -.2715160790645044E-008 -.2022531722656318E-007 0.2228716707169953E-004
 4000.000000000000  5000.000000000000 -4000.000000000000  0.000000000000000  0.000000000000000 -.2821804206964984E-008 -.2091903592016386E-007 0.2232559612655449E-004
 4000.000000000000  6000.000000000000 -4000.000000000000  0.000000000000000  0.000000000000000 -.2928570025373389E-008 -.2161142131917870E-007 0.2236409746272927E-004
 4000.000000000000  7000.000000000000 -4000.000000000000  0.000000000000000  0.000000000000000 -.3035458273625835E-008 -.2230247345136327E-007 0.2240267090491965E-004
 4000.000000000000  8000.000000000000 -4000.000000000000  0.000000000000000  0.000000000000000 -.3142468951722321E-008 -.2299219226120641E-007 0.2244131646125802E-004
 5000.000000000000  0.000000000000000 -4000.000000000000  0.000000000000000  0.000000000000000 -.2310804103622388E-008 -.1735010818348925E-007 0.2213364844091958E-004
 5000.000000000000  1000.000000000000 -4000.000000000000  0.000000000000000  0.000000000000000 -.2417035599444617E-008 -.1804757068790686E-007 0.2217176498159334E-004
 5000.000000000000  2000.000000000000 -4000.000000000000  0.000000000000000  0.000000000000000 -.2523389469599735E-008 -.1874369992549418E-007 0.2220995375040724E-004
 5000.000000000000  3000.000000000000 -4000.000000000000  0.000000000000000  0.000000000000000 -.2629865797354469E-008 -.1943849589625124E-007 0.2224821469612448E-004
 5000.000000000000  4000.000000000000 -4000.000000000000  0.000000000000000  0.000000000000000 -.2736464527197668E-008 -.2013195854466687E-007 0.2228654739910851E-004
 5000.000000000000  5000.000000000000 -4000.000000000000  0.000000000000000  0.000000000000000 -.2843185686884908E-008 -.2082408792625223E-007 0.2232495241763499E-004
 5000.000000000000  6000.000000000000 -4000.000000000000  0.000000000000000  0.000000000000000 -.2950029220905037E-008 -.2151488398549617E-007 0.2236342948855330E-004
 5000.000000000000  7000.000000000000 -4000.000000000000  0.000000000000000  0.000000000000000 -.3056995212524782E-008 -.2220434677790983E-007 0.2240197870639893E-004
 5000.000000000000  8000.000000000000 -4000.000000000000  0.000000000000000  0.000000000000000 -.3164083606232992E-008 -.2289247630349323E-007 0.2244060005063275E-004
 6000.000000000000  0.000000000000000 -4000.000000000000  0.000000000000000  0.000000000000000 -.2331798226729020E-008 -.1726303705540388E-007 0.2213312661636380E-004
 6000.000000000000  1000.000000000000 -4000.000000000000  0.000000000000000  0.000000000000000 -.2438107438162973E-008 -.1795891027556173E-007 0.2217121894726448E-004
 6000.000000000000  2000.000000000000 -4000.000000000000  0.000000000000000  0.000000000000000 -.2544539079440966E-008 -.1865345020113374E-007 0.2220938334779321E-004
 6000.000000000000  3000.000000000000 -4000.000000000000  0.000000000000000  0.000000000000000 -.2651093095051849E-008 -.1934665680436432E-007 0.2224761991048707E-004
 6000.000000000000  4000.000000000000 -4000.000000000000  0.000000000000000  0.000000000000000 -.2757769568262347E-008 -.2003853014076462E-007 0.2228592859981893E-004
 6000.000000000000  5000.000000000000 -4000.000000000000  0.000000000000000  0.000000000000000 -.2864568443561311E-008 -.2072907021033465E-007 0.2232430934384633E-004
 6000.000000000000  6000.000000000000 -4000.000000000000  0.000000000000000  0.000000000000000 -.2971489748704315E-008 -.2141827698531884E-007 0.2236276228506640E-004
 6000.000000000000  7000.000000000000 -4000.000000000000  0.000000000000000  0.000000000000000 -.3078533428180208E-008 -.2210615046571718E-007 0.2240128721001100E-004
 6000.000000000000  8000.000000000000 -4000.000000000000  0.000000000000000  0.000000000000000 -.3185699565255717E-008 -.2279269065152967E-007 0.2243988438282996E-004
 7000.000000000000  0.000000000000000 -4000.000000000000  0.000000000000000  0.000000000000000 -.2352793654347707E-008 -.1717589620531257E-007 0.2213260544201012E-004
 7000.000000000000  1000.000000000000 -4000.000000000000  0.000000000000000  0.000000000000000 -.2459180609148959E-008 -.1787018011345509E-007 0.2217067359697178E-004
 7000.000000000000  2000.000000000000 -4000.000000000000  0.000000000000000  0.000000000000000 -.2565689966038676E-008 -.1856313072701177E-007 0.2220881358067084E-004
 7000.000000000000  3000.000000000000 -4000.000000000000  0.000000000000000  0.000000000000000 -.2672321697261282E-008 -.1925474804598259E-007 0.2224702603348394E-004
 7000.000000000000  4000.000000000000 -4000.000000000000  0.000000000000000  0.000000000000000 -.2779075886083504E-008 -.1994503207036757E-007 0.2228531045814219E-004
 7000.000000000000  5000.000000000000 -4000.000000000000  0.000000000000000  0.000000000000000 -.2885952504749767E-008 -.2063398280016671E-007 0.2232366700610777E-004
 7000.000000000000  6000.000000000000 -4000.000000000000  0.000000000000000  0.000000000000000 -.2992951525504495E-008 -.2132160026313557E-007 0.2236209559036695E-004
 7000.000000000000  7000.000000000000 -4000.000000000000  0.000000000000000  0.000000000000000 -.3100072948347687E-008 -.2200788440376300E-007 0.2240059642757974E-004
 7000.000000000000  8000.000000000000 -4000.000000000000  0.000000000000000  0.000000000000000 -.3207316801034921E-008 -.2269283527756016E-007 0.2243916930014245E-004
 8000.000000000000  0.000000000000000 -4000.000000000000  0.000000000000000  0.000000000000000 -.2373790358722871E-008 -.1708868568872646E-007 0.2213208500584374E-004
 8000.000000000000  1000.000000000000 -4000.000000000000  0.000000000000000  0.000000000000000 -.2480255029135847E-008 -.1778138028485365E-007 0.2217012895572301E-004
 8000.000000000000  2000.000000000000 -4000.000000000000  0.000000000000000  0.000000000000000 -.2586842129392863E-008 -.1847274155863943E-007 0.2220824488824436E-004
 8000.000000000000  3000.000000000000 -4000.000000000000  0.000000000000000  0.000000000000000 -.2693551631738345E-008 -.1916276956559493E-007 0.2224643284193251E-004
 8000.000000000000  4000.000000000000 -4000.000000000000  0.000000000000000  0.000000000000000 -.2800383508416715E-008 -.1985146425020901E-007 0.2228469311332804E-004
 8000.000000000000  5000.000000000000 -4000.000000000000  0.000000000000000  0.000000000000000 -.2907337842694702E-008 -.2053882566799281E-007 0.2232302534871389E-004
 8000.000000000000  6000.000000000000 -4000.000000000000  0.000000000000000  0.000000000000000 -.3014414606816729E-008 -.2122485381894634E-007 0.2236142981520972E-004
 8000.000000000000  7000.000000000000 -4000.000000000000  0.000000000000000  0.000000000000000 -.3121613773027221E-008 -.2190954864755845E-007 0.2239990636124234E-004
 8000.000000000000  8000.000000000000 -4000.000000000000  0.000000000000000  0.000000000000000 -.3228935341326178E-008 -.2259291020934029E-007 0.2243845499882990E-004
 0.000000000000000  0.000000000000000 -5000.000000000000  0.000000000000000  0.000000000000000 -.2699322626531497E-008 -.2180625849335094E-007 0.2213241233495200E-004
 0.000000000000000  1000.000000000000 -5000.000000000000  0.000000000000000  0.000000000000000 -.2805271182015900E-008 -.2251142516840332E-007 0.2217065763421289E-004
 0.000000000000000  2000.000000000000 -5000.000000000000  0.000000000000000  0.000000000000000 -.2911342139588768E-008 -.2321525854886985E-007 0.2220897528962262E-004
 0.000000000000000  3000.000000000000 -5000.000000000000  0.000000000000000  0.000000000000000 -.3017535527005677E-008 -.2391775863475054E-007 0.2224736497000168E-004
 0.000000000000000  4000.000000000000 -5000.000000000000  0.000000000000000  0.000000000000000 -.3123851344266626E-008 -.2461892542604538E-007 0.2228582660895873E-004
 0.000000000000000  5000.000000000000 -5000.000000000000  0.000000000000000  0.000000000000000 -.3230289591371616E-008 -.2531875892275437E-007 0.2232436032881258E-004
 0.000000000000000  6000.000000000000 -5000.000000000000  0.000000000000000  0.000000000000000 -.3336850212809495E-008 -.2601725915263309E-007 0.2236296643384761E-004
 0.000000000000000  7000.000000000000 -5000.000000000000  0.000000000000000  0.000000000000000 -.3443533264091414E-008 -.2671442606017038E-007 0.2240164458830463E-004
 0.000000000000000  8000.000000000000 -5000.000000000000  0.000000000000000  0.000000000000000 -.3550338745217374E-008 -.2741025970087740E-007 0.2244039475229886E-004
 1000.000000000000  0.000000000000000 -5000.000000000000  0.000000000000000  0.000000000000000 -.2720371150566336E-008 -.2171532809125409E-007 0.2213188803557031E-004
 1000.000000000000  1000.000000000000 -5000.000000000000  0.000000000000000  0.000000000000000 -.2826397421662463E-008 -.2241890542653557E-007 0.2217010932012431E-004
 1000.000000000000  2000.000000000000 -5000.000000000000  0.000000000000000  0.000000000000000 -.2932546122602631E-008 -.2312114949498678E-007 0.2220840262492918E-004
 1000.000000000000  3000.000000000000 -5000.000000000000  0.000000000000000  0.000000000000000 -.3038817253386839E-008 -.2382206026885214E-007 0.2224676796339087E-004
 1000.000000000000  4000.000000000000 -5000.000000000000  0.000000000000000  0.000000000000000 -.3145210786259511E-008 -.2452163772037608E-007 0.2228520540126233E-004
 1000.000000000000  5000.000000000000 -5000.000000000000  0.000000000000000  0.000000000000000 -.3251726748976225E-008 -.2521988190506974E-007 0.2232371508936737E-004
 1000.000000000000  6000.000000000000 -5000.000000000000  0.000000000000000  0.000000000000000 -.3358365086025827E-008 -.2591679279517756E-007 0.2236229690208424E-004
 1000.000000000000  7000.000000000000 -5000.000000000000  0.000000000000000  0.000000000000000 -.3465125880675046E-008 -.2661237041845510E-007 0.2240095074712567E-004
 1000.000000000000  8000.000000000000 -5000.000000000000  0.000000000000000  0.000000000000000 -.3572009105168306E-008 -.2730661474714680E-007 0.2243967673654090E-004
 2000.000000000000  0.000000000000000 -5000.000000000000  0.000000000000000  0.000000000000000 -.2741420951357654E-008 -.2162432799490688E-007 0.2213136451006958E-004
 2000.000000000000  1000.000000000000 -5000.000000000000  0.000000000000000  0.000000000000000 -.2847524993576656E-008 -.2232631599041746E-007 0.2216956157374828E-004
 2000.000000000000  2000.000000000000 -5000.000000000000  0.000000000000000  0.000000000000000 -.2953751410128547E-008 -.2302697071909776E-007 0.2220783044951102E-004
 2000.000000000000  3000.000000000000 -5000.000000000000  0.000000000000000  0.000000000000000 -.3060100228768903E-008 -.2372629215319222E-007 0.2224617179549804E-004
 2000.000000000000  4000.000000000000 -5000.000000000000  0.000000000000000  0.000000000000000 -.3166571505008875E-008 -.2442428032045640E-007 0.2228458499142771E-004
 2000.000000000000  5000.000000000000 -5000.000000000000  0.000000000000000  0.000000000000000 -.3273165211092888E-008 -.2512093519313474E-007 0.2232307042790427E-004
 2000.000000000000  6000.000000000000 -5000.000000000000  0.000000000000000  0.000000000000000 -.3379881291509790E-008 -.2581625677122723E-007 0.2236162802204955E-004
 2000.000000000000  7000.000000000000 -5000.000000000000  0.000000000000000  0.000000000000000 -.3486719801770732E-008 -.2651024508248945E-007 0.2240025779495780E-004
 2000.000000000000  8000.000000000000 -5000.000000000000  0.000000000000000  0.000000000000000 -.3593680741875716E-008 -.2720290007141024E-007 0.2243895929479600E-004
 3000.000000000000  0.000000000000000 -5000.000000000000  0.000000000000000  0.000000000000000 -.2762472056661025E-008 -.2153325814879814E-007 0.2213084165009205E-004
 3000.000000000000  1000.000000000000 -5000.000000000000  0.000000000000000  0.000000000000000 -.2868653814491751E-008 -.2223365683229339E-007 0.2216902832333223E-004
 3000.000000000000  2000.000000000000 -5000.000000000000  0.000000000000000  0.000000000000000 -.2974957974410941E-008 -.2293272227671395E-007 0.2220725931512124E-004
 3000.000000000000  3000.000000000000 -5000.000000000000  0.000000000000000  0.000000000000000 -.3081384536418597E-008 -.2363045439879308E-007 0.2224557623267676E-004
 3000.000000000000  4000.000000000000 -5000.000000000000  0.000000000000000  0.000000000000000 -.3187933528270293E-008 -.2432685325404194E-007 0.2228396538514477E-004
 3000.000000000000  5000.000000000000 -5000.000000000000  0.000000000000000  0.000000000000000 -.3294604949966029E-008 -.2502191875919380E-007 0.2232242652464023E-004
 3000.000000000000  6000.000000000000 -5000.000000000000  0.000000000000000  0.000000000000000 -.3401398773750230E-008 -.2571565102527096E-007 0.2236095990537645E-004
 3000.000000000000  7000.000000000000 -5000.000000000000  0.000000000000000  0.000000000000000 -.3508314999622897E-008 -.2640805002451785E-007 0.2239956515867614E-004
 3000.000000000000  8000.000000000000 -5000.000000000000  0.000000000000000  0.000000000000000 -.3615353655339604E-008 -.2709911570142332E-007 0.2243824267503247E-004
 4000.000000000000  0.000000000000000 -5000.000000000000  0.000000000000000  0.000000000000000 -.2783524466476450E-008 -.2144211860843903E-007 0.2213031948641864E-004
 4000.000000000000  1000.000000000000 -5000.000000000000  0.000000000000000  0.000000000000000 -.2889783939918900E-008 -.2214092800767453E-007 0.2216846785416116E-004
 4000.000000000000  2000.000000000000 -5000.000000000000  0.000000000000000  0.000000000000000 -.2996165843205389E-008 -.2283840408456861E-007 0.2220668859551078E-004
 4000.000000000000  3000.000000000000 -5000.000000000000  0.000000000000000  0.000000000000000 -.3102670148580344E-008 -.2353454689463241E-007 0.2224498153058363E-004
 4000.000000000000  4000.000000000000 -5000.000000000000  0.000000000000000  0.000000000000000 -.3209296856043764E-008 -.2422935641011037E-007 0.2228334648585184E-004
 4000.000000000000  5000.000000000000 -5000.000000000000  0.000000000000000  0.000000000000000 -.3316045993351224E-008 -.2492283265875805E-007 0.2232178334818369E-004
 4000.000000000000  6000.000000000000 -5000.000000000000  0.000000000000000  0.000000000000000 -.3422917560502725E-008 -.2561497561281989E-007 0.2236029230726078E-004
 4000.000000000000  7000.000000000000 -5000.000000000000  0.000000000000000  0.000000000000000 -.3529911529742691E-008 -.2630578527229588E-007 0.2239887348515213E-004
 4000.000000000000  8000.000000000000 -5000.000000000000  0.000000000000000  0.000000000000000 -.3637027901071122E-008 -.2699526163718602E-007 0.2243752686836853E-004
 5000.000000000000  0.000000000000000 -5000.000000000000  0.000000000000000  0.000000000000000 -.2804578180803929E-008 -.2135090937382955E-007 0.2212979813243088E-004
 5000.000000000000  1000.000000000000 -5000.000000000000  0.000000000000000  0.000000000000000 -.2910915369858103E-008 -.2204812943329415E-007 0.2216792231368725E-004
 5000.000000000000  2000.000000000000 -5000.000000000000  0.000000000000000  0.000000000000000 -.3017374988756316E-008 -.2274401622592848E-007 0.2220611877348788E-004
 5000.000000000000  3000.000000000000 -5000.000000000000  0.000000000000000  0.000000000000000 -.3123957037498570E-008 -.2343856972397695E-007 0.2224438753556379E-004
 5000.000000000000  4000.000000000000 -5000.000000000000  0.000000000000000  0.000000000000000 -.3230661460573714E-008 -.2413178992743958E-007 0.2228272809837173E-004
 5000.000000000000  5000.000000000000 -5000.000000000000  0.000000000000000  0.000000000000000 -.3337488313492898E-008 -.2482367686407194E-007 0.2232114075007008E-004
 5000.000000000000  6000.000000000000 -5000.000000000000  0.000000000000000  0.000000000000000 -.3444437624011698E-008 -.2551423047836288E-007 0.2235962555272031E-004
 5000.000000000000  7000.000000000000 -5000.000000000000  0.000000000000000  0.000000000000000 -.3551509308863388E-008 -.2620345079806796E-007 0.2239818249988312E-004
 5000.000000000000  8000.000000000000 -5000.000000000000  0.000000000000000  0.000000000000000 -.3658703451314693E-008 -.2689133785094278E-007 0.2243681155225663E-004
 6000.000000000000  0.000000000000000 -5000.000000000000  0.000000000000000  0.000000000000000 -.2825633199643462E-008 -.2125963044496970E-007 0.2212927740841142E-004
 6000.000000000000  1000.000000000000 -5000.000000000000  0.000000000000000  0.000000000000000 -.2932048104309359E-008 -.2195526119241897E-007 0.2216737742377628E-004
 6000.000000000000  2000.000000000000 -5000.000000000000  0.000000000000000  0.000000000000000 -.3038585438819297E-008 -.2264955867303797E-007 0.2220554967016786E-004
 6000.000000000000  3000.000000000000 -5000.000000000000  0.000000000000000  0.000000000000000 -.3145245203173275E-008 -.2334252283131555E-007 0.2224379417953282E-004
 6000.000000000000  4000.000000000000 -5000.000000000000  0.000000000000000  0.000000000000000 -.3252027397371293E-008 -.2403415369500728E-007 0.2228211041380157E-004
 6000.000000000000  5000.000000000000 -5000.000000000000  0.000000000000000  0.000000000000000 -.3358931965902201E-008 -.2472445131962431E-007 0.2232049886491394E-004
 6000.000000000000  6000.000000000000 -5000.000000000000  0.000000000000000  0.000000000000000 -.3465958964277149E-008 -.2541341562189992E-007 0.2235895948701772E-004
 6000.000000000000  7000.000000000000 -5000.000000000000  0.000000000000000  0.000000000000000 -.3573108392496138E-008 -.2610104665734525E-007 0.2239749220328546E-004
 6000.000000000000  8000.000000000000 -5000.000000000000  0.000000000000000  0.000000000000000 -.3680380250559168E-008 -.2678734439820474E-007 0.2243609705029903E-004
 7000.000000000000  0.000000000000000 -5000.000000000000  0.000000000000000  0.000000000000000 -.2846689467483898E-008 -.2116828182185948E-007 0.2212875744989073E-004
 7000.000000000000  1000.000000000000 -5000.000000000000  0.000000000000000  0.000000000000000 -.2953182143272670E-008 -.2186232322953785E-007 0.2216683328468139E-004
 7000.000000000000  2000.000000000000 -5000.000000000000  0.000000000000000  0.000000000000000 -.3059797165638756E-008 -.2255503137038595E-007 0.2220498127769588E-004
 7000.000000000000  3000.000000000000 -5000.000000000000  0.000000000000000  0.000000000000000 -.3166534673360033E-008 -.2324640624440377E-007 0.2224320156976600E-004
 7000.000000000000  4000.000000000000 -5000.000000000000  0.000000000000000  0.000000000000000 -.3273394583169775E-008 -.2393644782383575E-007 0.2228149353375453E-004
 7000.000000000000  5000.000000000000 -5000.000000000000  0.000000000000000  0.000000000000000 -.3380376895067982E-008 -.2462515610868188E-007 0.2231985778547441E-004
 7000.000000000000  6000.000000000000 -5000.000000000000  0.000000000000000  0.000000000000000 -.3487481609054655E-008 -.2531253109894216E-007 0.2235829414093393E-004
 7000.000000000000  7000.000000000000 -5000.000000000000  0.000000000000000  0.000000000000000 -.3594708780640943E-008 -.2599857279461659E-007 0.2239680267987487E-004
 7000.000000000000  8000.000000000000 -5000.000000000000  0.000000000000000  0.000000000000000 -.3702058354315696E-008 -.2668328122346075E-007 0.2243538323157268E-004
 8000.000000000000  0.000000000000000 -5000.000000000000  0.000000000000000  0.000000000000000 -.2867747039836388E-008 -.2107686344898774E-007 0.2212823828004473E-004
 8000.000000000000  1000.000000000000 -5000.000000000000  0.000000000000000  0.000000000000000 -.2974317431236884E-008 -.2176931557240636E-007 0.2216628993123582E-004
 8000.000000000000  2000.000000000000 -5000.000000000000  0.000000000000000  0.000000000000000 -.3081010224725844E-008 -.2246043440123913E-007 0.2220441358352643E-004
 8000.000000000000  3000.000000000000 -5000.000000000000  0.000000000000000  0.000000000000000 -.3187825420303270E-008 -.2315021996324163E-007 0.2224260944699852E-004
 8000.000000000000  4000.000000000000 -5000.000000000000  0.000000000000000  0.000000000000000 -.3294763073480311E-008 -.2383867220290270E-007 0.2228087735708928E-004
 8000.000000000000  5000.000000000000 -5000.000000000000  0.000000000000000  0.000000000000000 -.3401823128745818E-008 -.2452579117573350E-007 0.2231921735867948E-004
 8000.000000000000  6000.000000000000 -5000.000000000000  0.000000000000000  0.000000000000000 -.3509005558344214E-008 -.2521157682622288E-007 0.2235762953572973E-004
 8000.000000000000  7000.000000000000 -5000.000000000000  0.000000000000000  0.000000000000000 -.3616310445542226E-008 -.2589602920988199E-007 0.2239611376772532E-004
 8000.000000000000  8000.000000000000 -5000.000000000000  0.000000000000000  0.000000000000000 -.3723737762584278E-008 -.2657914832671082E-007 0.2243467014084732E-004
 0.000000000000000  0.000000000000000 -6000.000000000000  0.000000000000000  0.000000000000000 -.3192685144037810E-008 -.2583691960378331E-007 0.2212855553287985E-004
 0.000000000000000  1000.000000000000 -6000.000000000000  0.000000000000000  0.000000000000000 -.3298739420509733E-008 -.2654184383388269E-007 0.2216680851485631E-004
 0.000000000000000  2000.000000000000 -6000.000000000000  0.000000000000000  0.000000000000000 -.3404916126825697E-008 -.2724543474164065E-007 0.2220513371978261E-004
 0.000000000000000  3000.000000000000 -6000.000000000000  0.000000000000000  0.000000000000000 -.3511215235230125E-008 -.2794769235481276E-007 0.2224353132573853E-004
 0.000000000000000  4000.000000000000 -6000.000000000000  0.000000000000000  0.000000000000000 -.3617636745723019E-008 -.2864861670115459E-007 0.2228200078147058E-004
 0.000000000000000  5000.000000000000 -6000.000000000000  0.000000000000000  0.000000000000000 -.3724180686059952E-008 -.2934820775291058E-007 0.2232054225459468E-004
 0.000000000000000  6000.000000000000 -6000.000000000000  0.000000000000000  0.000000000000000 -.3830847056240927E-008 -.3004646553783630E-007 0.2235915589016146E-004
 0.000000000000000  7000.000000000000 -6000.000000000000  0.000000000000000  0.000000000000000 -.3937635828510366E-008 -.3074339000042059E-007 0.2239784173463377E-004
 0.000000000000000  8000.000000000000 -6000.000000000000  0.000000000000000  0.000000000000000 -.4044547002868271E-008 -.3143898116841903E-007 0.2243659971179479E-004
 1000.000000000000  0.000000000000000 -6000.000000000000  0.000000000000000  0.000000000000000 -.3213794563805550E-008 -.2574178140091199E-007 0.2212803233084260E-004
 1000.000000000000  1000.000000000000 -6000.000000000000  0.000000000000000  0.000000000000000 -.3319926528133621E-008 -.2644511629124047E-007 0.2216626138487610E-004
 1000.000000000000  2000.000000000000 -6000.000000000000  0.000000000000000  0.000000000000000 -.3426180950061308E-008 -.2714711788698310E-007 0.2220456247226110E-004
 1000.000000000000  3000.000000000000 -6000.000000000000  0.000000000000000  0.000000000000000 -.3532557801833036E-008 -.2784778618813988E-007 0.2224293565908364E-004
 1000.000000000000  4000.000000000000 -6000.000000000000  0.000000000000000  0.000000000000000 -.3639057055693229E-008 -.2854712122246639E-007 0.2228138076190711E-004
 1000.000000000000  5000.000000000000 -6000.000000000000  0.000000000000000  0.000000000000000 -.3745678711641887E-008 -.2924512293445147E-007 0.2231989801015910E-004
 1000.000000000000  6000.000000000000 -6000.000000000000  0.000000000000000  0.000000000000000 -.3852422797434585E-008 -.2994179137960629E-007 0.2235848752740743E-004
 1000.000000000000  7000.000000000000 -6000.000000000000  0.000000000000000  0.000000000000000 -.3959289313071324E-008 -.3063712653017525E-007 0.2239714925925118E-004
 1000.000000000000  8000.000000000000 -6000.000000000000  0.000000000000000  0.000000000000000 -.4066278258552103E-008 -.3133112841391394E-007 0.2243588288608489E-004
 2000.000000000000  0.000000000000000 -6000.000000000000  0.000000000000000  0.000000000000000 -.3234905232574192E-008 -.2564657344827914E-007 0.2212751003863311E-004
 2000.000000000000  1000.000000000000 -6000.000000000000  0.000000000000000  0.000000000000000 -.3341114940269563E-008 -.2634831902659229E-007 0.2216571489163655E-004
 2000.000000000000  2000.000000000000 -6000.000000000000  0.000000000000000  0.000000000000000 -.3447447105564549E-008 -.2704873128256402E-007 0.2220399176641741E-004
 2000.000000000000  3000.000000000000 -6000.000000000000  0.000000000000000  0.000000000000000 -.3553901672948001E-008 -.2774781027170548E-007 0.2224234055234198E-004
 2000.000000000000  4000.000000000000 -6000.000000000000  0.000000000000000  0.000000000000000 -.3660478642419918E-008 -.2844555599401666E-007 0.2228076157972936E-004
 2000.000000000000  5000.000000000000 -6000.000000000000  0.000000000000000  0.000000000000000 -.3767178041735875E-008 -.2914196839398642E-007 0.2231925467433005E-004
 2000.000000000000  6000.000000000000 -6000.000000000000  0.000000000000000  0.000000000000000 -.3873999843140297E-008 -.2983704752712590E-007 0.2235781999831987E-004
 2000.000000000000  7000.000000000000 -6000.000000000000  0.000000000000000  0.000000000000000 -.3980944102144335E-008 -.3053079339343512E-007 0.2239645730506279E-004
 2000.000000000000  8000.000000000000 -6000.000000000000  0.000000000000000  0.000000000000000 -.4088010735481262E-008 -.3122320593740291E-007 0.2243516670566437E-004
 3000.000000000000  0.000000000000000 -6000.000000000000  0.000000000000000  0.000000000000000 -.3256017205854889E-008 -.2555129580139592E-007 0.2212698847769978E-004
 3000.000000000000  1000.000000000000 -6000.000000000000  0.000000000000000  0.000000000000000 -.3362304684673134E-008 -.2625145206769375E-007 0.2216516890968245E-004
 3000.000000000000  2000.000000000000 -6000.000000000000  0.000000000000000  0.000000000000000 -.3468714537824269E-008 -.2695027501165015E-007 0.2220342155828670E-004
 3000.000000000000  3000.000000000000 -6000.000000000000  0.000000000000000  0.000000000000000 -.3575246820819444E-008 -.2764776468877628E-007 0.2224174628787101E-004
 3000.000000000000  4000.000000000000 -6000.000000000000  0.000000000000000  0.000000000000000 -.3681901533658660E-008 -.2834392109907213E-007 0.2228014298297221E-004
 3000.000000000000  5000.000000000000 -6000.000000000000  0.000000000000000  0.000000000000000 -.3788678676341917E-008 -.2903874418702657E-007 0.2231861190335471E-004
 3000.000000000000  6000.000000000000 -6000.000000000000  0.000000000000000  0.000000000000000 -.3895578193358062E-008 -.2973223400815073E-007 0.2235715307569164E-004
 3000.000000000000  7000.000000000000 -6000.000000000000  0.000000000000000  0.000000000000000 -.4002600167973824E-008 -.3042439050693346E-007 0.2239576617180106E-004
 3000.000000000000  8000.000000000000 -6000.000000000000  0.000000000000000  0.000000000000000 -.4109744544678051E-008 -.3111521373888593E-007 0.2243445130803434E-004
 4000.000000000000  0.000000000000000 -6000.000000000000  0.000000000000000  0.000000000000000 -.3277130483647639E-008 -.2545594846026233E-007 0.2212646771673765E-004
 4000.000000000000  1000.000000000000 -6000.000000000000  0.000000000000000  0.000000000000000 -.3383495678077608E-008 -.2615451541454483E-007 0.2216462372101047E-004
 4000.000000000000  2000.000000000000 -6000.000000000000  0.000000000000000  0.000000000000000 -.3489983246840467E-008 -.2685174904648591E-007 0.2220285226564589E-004
 4000.000000000000  3000.000000000000 -6000.000000000000  0.000000000000000  0.000000000000000 -.3596593273202942E-008 -.2754764941159671E-007 0.2224115259197301E-004
 4000.000000000000  4000.000000000000 -6000.000000000000  0.000000000000000  0.000000000000000 -.3703325729409457E-008 -.2824221645436609E-007 0.2227952524380683E-004
 4000.000000000000  5000.000000000000 -6000.000000000000  0.000000000000000  0.000000000000000 -.3810180587704437E-008 -.2893545023030519E-007 0.2231796999632718E-004
 4000.000000000000  6000.000000000000 -6000.000000000000  0.000000000000000  0.000000000000000 -.3917157820332307E-008 -.2962735073941403E-007 0.2235648678775015E-004
 4000.000000000000  7000.000000000000 -6000.000000000000  0.000000000000000  0.000000000000000 -.4024257510559792E-008 -.3031791795393701E-007 0.2239507570045429E-004
 4000.000000000000  8000.000000000000 -6000.000000000000  0.000000000000000  0.000000000000000 -.4131479630631318E-008 -.3100715187387415E-007 0.2243373659874259E-004
 5000.000000000000  0.000000000000000 -6000.000000000000  0.000000000000000  0.000000000000000 -.3298245038196868E-008 -.2536053142487837E-007 0.2212594725087280E-004
 5000.000000000000  1000.000000000000 -6000.000000000000  0.000000000000000  0.000000000000000 -.3404687948238561E-008 -.2605750901163439E-007 0.2216407916133534E-004
 5000.000000000000  2000.000000000000 -6000.000000000000  0.000000000000000  0.000000000000000 -.3511253288124294E-008 -.2675315335931572E-007 0.2220228354438136E-004
 5000.000000000000  3000.000000000000 -6000.000000000000  0.000000000000000  0.000000000000000 -.3617941030098493E-008 -.2744746438465562E-007 0.2224055982472106E-004
 5000.000000000000  4000.000000000000 -6000.000000000000  0.000000000000000  0.000000000000000 -.3724751174161156E-008 -.2814044214316525E-007 0.2227890816186573E-004
 5000.000000000000  5000.000000000000 -6000.000000000000  0.000000000000000  0.000000000000000 -.3831683775823436E-008 -.2883208660708902E-007 0.2231732869262260E-004
 5000.000000000000  6000.000000000000 -6000.000000000000  0.000000000000000  0.000000000000000 -.3938738779574180E-008 -.2952239780418253E-007 0.2235582127083080E-004
 5000.000000000000  7000.000000000000 -6000.000000000000  0.000000000000000  0.000000000000000 -.4045916185413390E-008 -.3021137567893462E-007 0.2239438582538056E-004
 5000.000000000000  8000.000000000000 -6000.000000000000  0.000000000000000  0.000000000000000 -.4153216021096640E-008 -.3089902025910085E-007 0.2243302259929969E-004
 6000.000000000000  0.000000000000000 -6000.000000000000  0.000000000000000  0.000000000000000 -.3319360897258150E-008 -.2526504466748847E-007 0.2212542785837157E-004
 6000.000000000000  1000.000000000000 -6000.000000000000  0.000000000000000  0.000000000000000 -.3425881522911567E-008 -.2596043296998474E-007 0.2216353551584560E-004
 6000.000000000000  2000.000000000000 -6000.000000000000  0.000000000000000  0.000000000000000 -.3532524606164600E-008 -.2665448797789516E-007 0.2220171546971073E-004
 6000.000000000000  3000.000000000000 -6000.000000000000  0.000000000000000  0.000000000000000 -.3639290063750522E-008 -.2734720969121973E-007 0.2223996771855141E-004
 6000.000000000000  4000.000000000000 -6000.000000000000  0.000000000000000  0.000000000000000 -.3746177951180485E-008 -.2803859813771403E-007 0.2227829185075247E-004
 6000.000000000000  5000.000000000000 -6000.000000000000  0.000000000000000  0.000000000000000 -.3853188268454488E-008 -.2872865326186691E-007 0.2231668812266441E-004
 6000.000000000000  6000.000000000000 -6000.000000000000  0.000000000000000  0.000000000000000 -.3960320987816957E-008 -.2941737511918951E-007 0.2235515634096963E-004
 6000.000000000000  7000.000000000000 -6000.000000000000  0.000000000000000  0.000000000000000 -.4067576109267890E-008 -.3010476368192627E-007 0.2239369675050007E-004
 6000.000000000000  8000.000000000000 -6000.000000000000  0.000000000000000  0.000000000000000 -.4174953688318439E-008 -.3079081897783276E-007 0.2243230931806006E-004
 7000.000000000000  0.000000000000000 -6000.000000000000  0.000000000000000  0.000000000000000 -.3340478033075911E-008 -.2516948821584819E-007 0.2212490917433141E-004
 7000.000000000000  1000.000000000000 -6000.000000000000  0.000000000000000  0.000000000000000 -.3447076402096627E-008 -.2586328720632913E-007 0.2216299264670707E-004
 7000.000000000000  2000.000000000000 -6000.000000000000  0.000000000000000  0.000000000000000 -.3553797200961384E-008 -.2655575287446865E-007 0.2220114843853871E-004
 7000.000000000000  3000.000000000000 -6000.000000000000  0.000000000000000  0.000000000000000 -.3660640401914605E-008 -.2724688527577790E-007 0.2223937639400653E-004
 7000.000000000000  4000.000000000000 -6000.000000000000  0.000000000000000  0.000000000000000 -.3767606004956292E-008 -.2793668441025687E-007 0.2227767623763643E-004
 7000.000000000000  5000.000000000000 -6000.000000000000  0.000000000000000  0.000000000000000 -.3874694037842019E-008 -.2862515022239442E-007 0.2231604807181875E-004
 7000.000000000000  6000.000000000000 -6000.000000000000  0.000000000000000  0.000000000000000 -.3981904500571787E-008 -.2931228276770170E-007 0.2235449220308605E-004
 7000.000000000000  7000.000000000000 -6000.000000000000  0.000000000000000  0.000000000000000 -.4089237393145595E-008 -.2999808201842313E-007 0.2239300842038494E-004
 7000.000000000000  8000.000000000000 -6000.000000000000  0.000000000000000  0.000000000000000 -.4196692660052292E-008 -.3068254800231429E-007 0.2243159671191930E-004
 8000.000000000000  0.000000000000000 -6000.000000000000  0.000000000000000  0.000000000000000 -.3361596501161301E-008 -.2507386204220197E-007 0.2212439113130626E-004
 8000.000000000000  1000.000000000000 -6000.000000000000  0.000000000000000  0.000000000000000 -.3468272585793741E-008 -.2576607172066758E-007 0.2216245019726060E-004
 8000.000000000000  2000.000000000000 -6000.000000000000  0.000000000000000  0.000000000000000 -.3575071100270222E-008 -.2645694807679178E-007 0.2220058189689178E-004
 8000.000000000000  3000.000000000000 -6000.000000000000  0.000000000000000  0.000000000000000 -.3681992044590743E-008 -.2714649119384127E-007 0.2223878559756698E-004
 8000.000000000000  4000.000000000000 -6000.000000000000  0.000000000000000  0.000000000000000 -.3789035390999729E-008 -.2783470098854934E-007 0.2227706122892581E-004
 8000.000000000000  5000.000000000000 -6000.000000000000  0.000000000000000  0.000000000000000 -.3896201139497180E-008 -.2852157748867157E-007 0.2231540887082106E-004
 8000.000000000000  6000.000000000000 -6000.000000000000  0.000000000000000  0.000000000000000 -.4003489317838671E-008 -.2920712072196352E-007 0.2235382876245029E-004
 8000.000000000000  7000.000000000000 -6000.000000000000  0.000000000000000  0.000000000000000 -.4110899926024203E-008 -.2989133063291405E-007 0.2239232077727582E-004
 8000.000000000000  8000.000000000000 -6000.000000000000  0.000000000000000  0.000000000000000 -.4218432936298200E-008 -.3057420727703430E-007 0.2243088487463574E-004
 0.000000000000000  0.000000000000000 -7000.000000000000  0.000000000000000  0.000000000000000 -.3685940469511095E-008 -.2987640160267979E-007 0.2212469824891539E-004
 0.000000000000000  1000.000000000000 -7000.000000000000  0.000000000000000  0.000000000000000 -.3792100466970538E-008 -.3058108330455944E-007 0.2216295895066112E-004
 0.000000000000000  2000.000000000000 -7000.000000000000  0.000000000000000  0.000000000000000 -.3898382866518446E-008 -.3128443176736440E-007 0.2220129201091492E-004
 0.000000000000000  3000.000000000000 -7000.000000000000  0.000000000000000  0.000000000000000 -.4004787668154819E-008 -.3198644696333908E-007 0.2223969714498786E-004
 0.000000000000000  4000.000000000000 -7000.000000000000  0.000000000000000  0.000000000000000 -.4111314927390808E-008 -.3268712883697233E-007 0.2227817441358138E-004
 0.000000000000000  5000.000000000000 -7000.000000000000  0.000000000000000  0.000000000000000 -.4217964588715262E-008 -.3338647744377532E-007 0.2231672382957406E-004
 0.000000000000000  6000.000000000000 -7000.000000000000  0.000000000000000  0.000000000000000 -.4324736679883756E-008 -.3408449275599246E-007 0.2235534497949110E-004
 0.000000000000000  7000.000000000000 -7000.000000000000  0.000000000000000  0.000000000000000 -.4431631145385140E-008 -.3478117477362375E-007 0.2239403841558518E-004
 0.000000000000000  8000.000000000000 -7000.000000000000  0.000000000000000  0.000000000000000 -.4538648068486140E-008 -.3547652349666919E-007 0.2243280409000570E-004
 1000.000000000000  0.000000000000000 -7000.000000000000  0.000000000000000  0.000000000000000 -.3707110701745009E-008 -.2977705551576726E-007 0.2212417639818609E-004
 1000.000000000000  1000.000000000000 -7000.000000000000  0.000000000000000  0.000000000000000 -.3813348442571751E-008 -.3048014796114273E-007 0.2216241304248134E-004
 1000.000000000000  2000.000000000000 -7000.000000000000  0.000000000000000  0.000000000000000 -.3919708585486958E-008 -.3118190711193236E-007 0.2220072189290656E-004
 1000.000000000000  3000.000000000000 -7000.000000000000  0.000000000000000  0.000000000000000 -.4026191102735055E-008 -.3188233296813614E-007 0.2223910276547003E-004
 1000.000000000000  4000.000000000000 -7000.000000000000  0.000000000000000  0.000000000000000 -.4132796077582768E-008 -.3258142552975407E-007 0.2227755555628264E-004
 1000.000000000000  5000.000000000000 -7000.000000000000  0.000000000000000  0.000000000000000 -.4239523482274521E-008 -.3327918482454173E-007 0.2231608061625812E-004
 1000.000000000000  6000.000000000000 -7000.000000000000  0.000000000000000  0.000000000000000 -.4346373289054739E-008 -.3397561076923239E-007 0.2235467787878309E-004
 1000.000000000000  7000.000000000000 -7000.000000000000  0.000000000000000  0.000000000000000 -.4453345497923422E-008 -.3467070347484835E-007 0.2239334704828844E-004
 1000.000000000000  8000.000000000000 -7000.000000000000  0.000000000000000  0.000000000000000 -.4560440136636146E-008 -.3536446291363404E-007 0.2243208847046985E-004
 2000.000000000000  0.000000000000000 -7000.000000000000  0.000000000000000  0.000000000000000 -.3728282238490976E-008 -.2967763979011551E-007 0.2212365522780146E-004
 2000.000000000000  1000.000000000000 -7000.000000000000  0.000000000000000  0.000000000000000 -.3834597694929442E-008 -.3037914289572008E-007 0.2216186768752570E-004
 2000.000000000000  2000.000000000000 -7000.000000000000  0.000000000000000  0.000000000000000 -.3941035581211949E-008 -.3107931273449438E-007 0.2220015236881201E-004
 2000.000000000000  3000.000000000000 -7000.000000000000  0.000000000000000  0.000000000000000 -.4047595869582921E-008 -.3177814925092726E-007 0.2223850897858926E-004
 2000.000000000000  4000.000000000000 -7000.000000000000  0.000000000000000  0.000000000000000 -.4154278532286781E-008 -.3247565250052986E-007 0.2227693767697936E-004
 2000.000000000000  5000.000000000000 -7000.000000000000  0.000000000000000  0.000000000000000 -.4261083652590258E-008 -.3317182245554662E-007 0.2231543844272155E-004
 2000.000000000000  6000.000000000000 -7000.000000000000  0.000000000000000  0.000000000000000 -.4368011202737776E-008 -.3386665914373310E-007 0.2235401129027648E-004
 2000.000000000000  7000.000000000000 -7000.000000000000  0.000000000000000  0.000000000000000 -.4475061154973758E-008 -.3456016250957816E-007 0.2239265646578059E-004
 2000.000000000000  8000.000000000000 -7000.000000000000  0.000000000000000  0.000000000000000 -.4582233509298206E-008 -.3525233260859295E-007 0.2243137378268867E-004
 3000.000000000000  0.000000000000000 -7000.000000000000  0.000000000000000  0.000000000000000 -.3749455079748998E-008 -.2957815431470223E-007 0.2212313475705163E-004
 3000.000000000000  1000.000000000000 -7000.000000000000  0.000000000000000  0.000000000000000 -.3855848279554763E-008 -.3027806810829148E-007 0.2216132306523400E-004
 3000.000000000000  2000.000000000000 -7000.000000000000  0.000000000000000  0.000000000000000 -.3962363853693418E-008 -.3097664860729488E-007 0.2219958351556972E-004
 3000.000000000000  3000.000000000000 -7000.000000000000  0.000000000000000  0.000000000000000 -.4069001885431689E-008 -.3167389583946800E-007 0.2223791578778722E-004
 3000.000000000000  4000.000000000000 -7000.000000000000  0.000000000000000  0.000000000000000 -.4175762291502849E-008 -.3236980977705528E-007 0.2227632049239814E-004
 3000.000000000000  5000.000000000000 -7000.000000000000  0.000000000000000  0.000000000000000 -.4282645127418050E-008 -.3306439042005671E-007 0.2231479693590166E-004
 3000.000000000000  6000.000000000000 -7000.000000000000  0.000000000000000  0.000000000000000 -.4389650393177291E-008 -.3375763776847229E-007 0.2235334559907987E-004
 3000.000000000000  7000.000000000000 -7000.000000000000  0.000000000000000  0.000000000000000 -.4496778088780573E-008 -.3444955185005760E-007 0.2239196669309718E-004
 3000.000000000000  8000.000000000000 -7000.000000000000  0.000000000000000  0.000000000000000 -.4604028158716744E-008 -.3514013260930149E-007 0.2243065957480139E-004
 4000.000000000000  0.000000000000000 -7000.000000000000  0.000000000000000  0.000000000000000 -.3770629253274649E-008 -.2947859917279416E-007 0.2212261516507108E-004
 4000.000000000000  1000.000000000000 -7000.000000000000  0.000000000000000  0.000000000000000 -.3877100113180987E-008 -.3017692365436808E-007 0.2216077914612979E-004
 4000.000000000000  2000.000000000000 -7000.000000000000  0.000000000000000  0.000000000000000 -.3983693458442517E-008 -.3087391484135615E-007 0.2219901524805334E-004
 4000.000000000000  3000.000000000000 -7000.000000000000  0.000000000000000  0.000000000000000 -.4090409205792511E-008 -.3156957273375838E-007 0.2223732344566742E-004
 4000.000000000000  4000.000000000000 -7000.000000000000  0.000000000000000  0.000000000000000 -.4197247355230971E-008 -.3226389735933033E-007 0.2227570371915455E-004
 4000.000000000000  5000.000000000000 -7000.000000000000  0.000000000000000  0.000000000000000 -.4304207906757895E-008 -.3295688866256086E-007 0.2231415601652853E-004
 4000.000000000000  6000.000000000000 -7000.000000000000  0.000000000000000  0.000000000000000 -.4411290888128860E-008 -.3364854669896111E-007 0.2235268086073217E-004
 4000.000000000000  7000.000000000000 -7000.000000000000  0.000000000000000  0.000000000000000 -.4518496299343866E-008 -.3433887144077552E-007 0.2239127733466573E-004
 4000.000000000000  8000.000000000000 -7000.000000000000  0.000000000000000  0.000000000000000 -.4625824140402912E-008 -.3502786291575966E-007 0.2242994590070935E-004
 5000.000000000000  0.000000000000000 -7000.000000000000  0.000000000000000  0.000000000000000 -.3791804675801203E-008 -.2937897430888015E-007 0.2212209631982653E-004
 5000.000000000000  1000.000000000000 -7000.000000000000  0.000000000000000  0.000000000000000 -.3898353279074840E-008 -.3007570947843874E-007 0.2216023576218085E-004
 5000.000000000000  2000.000000000000 -7000.000000000000  0.000000000000000  0.000000000000000 -.4005024339948093E-008 -.3077111132565591E-007 0.2219844781897740E-004
 5000.000000000000  3000.000000000000 -7000.000000000000  0.000000000000000  0.000000000000000 -.4111817802909812E-008 -.3146517990604281E-007 0.2223673180373753E-004
 5000.000000000000  4000.000000000000 -7000.000000000000  0.000000000000000  0.000000000000000 -.4218733695715571E-008 -.3215791521959943E-007 0.2227508789440225E-004
 5000.000000000000  5000.000000000000 -7000.000000000000  0.000000000000000  0.000000000000000 -.4325771962854219E-008 -.3284931721081463E-007 0.2231351602657861E-004
 5000.000000000000  6000.000000000000 -7000.000000000000  0.000000000000000  0.000000000000000 -.4432932687592483E-008 -.3353938593519956E-007 0.2235201638281503E-004
 5000.000000000000  7000.000000000000 -7000.000000000000  0.000000000000000  0.000000000000000 -.4540215814419213E-008 -.3422812139275422E-007 0.2239058884700995E-004
 5000.000000000000  8000.000000000000 -7000.000000000000  0.000000000000000  0.000000000000000 -.4647621371089983E-008 -.3491552352796745E-007 0.2242923309586642E-004
 6000.000000000000  0.000000000000000 -7000.000000000000  0.000000000000000  0.000000000000000 -.3812981375084235E-008 -.2927927972296018E-007 0.2212157787551128E-004
 6000.000000000000  1000.000000000000 -7000.000000000000  0.000000000000000  0.000000000000000 -.3919607749480747E-008 -.2997442558050345E-007 0.2215969326618827E-004
 6000.000000000000  2000.000000000000 -7000.000000000000  0.000000000000000  0.000000000000000 -.4026356498210149E-008 -.3066823814346087E-007 0.2219788107143961E-004
 6000.000000000000  3000.000000000000 -7000.000000000000  0.000000000000000  0.000000000000000 -.4133227704539166E-008 -.3136071741183244E-007 0.2223614085250514E-004
 6000.000000000000  4000.000000000000 -7000.000000000000  0.000000000000000  0.000000000000000 -.4240221312956649E-008 -.3205186338561816E-007 0.2227447265062965E-004
 6000.000000000000  5000.000000000000 -7000.000000000000  0.000000000000000  0.000000000000000 -.4347337351218172E-008 -.3274167606481804E-007 0.2231287675377724E-004
 6000.000000000000  6000.000000000000 -7000.000000000000  0.000000000000000  0.000000000000000 -.4454575763812585E-008 -.3343015547718764E-007 0.2235135282990797E-004
 6000.000000000000  7000.000000000000 -7000.000000000000  0.000000000000000  0.000000000000000 -.4561936634006614E-008 -.3411730156721582E-007 0.2238990083575088E-004
 6000.000000000000  8000.000000000000 -7000.000000000000  0.000000000000000  0.000000000000000 -.4669419906289107E-008 -.3480311441816930E-007 0.2242852103337412E-004
 7000.000000000000  0.000000000000000 -7000.000000000000  0.000000000000000  0.000000000000000 -.3834159378879320E-008 -.2917951547054543E-007 0.2212106031965200E-004
 7000.000000000000  1000.000000000000 -7000.000000000000  0.000000000000000  0.000000000000000 -.3940863496643132E-008 -.2987307198831779E-007 0.2215915146408509E-004
 7000.000000000000  2000.000000000000 -7000.000000000000  0.000000000000000  0.000000000000000 -.4047689960984258E-008 -.3056529523925988E-007 0.2219731506017397E-004
 7000.000000000000  3000.000000000000 -7000.000000000000  0.000000000000000  0.000000000000000 -.4154638882924999E-008 -.3125618519561613E-007 0.2223555054067794E-004
 7000.000000000000  4000.000000000000 -7000.000000000000  0.000000000000000  0.000000000000000 -.4261710234709781E-008 -.3194574182963095E-007 0.2227385831088391E-004
 7000.000000000000  5000.000000000000 -7000.000000000000  0.000000000000000  0.000000000000000 -.4368903988583028E-008 -.3263396519681550E-007 0.2231223801166249E-004
 7000.000000000000  6000.000000000000 -7000.000000000000  0.000000000000000  0.000000000000000 -.4476220144544740E-008 -.3332085529716977E-007 0.2235068975167676E-004
 7000.000000000000  7000.000000000000 -7000.000000000000  0.000000000000000  0.000000000000000 -.4583658730350493E-008 -.3400641210293820E-007 0.2238921371508495E-004
 7000.000000000000  8000.000000000000 -7000.000000000000  0.000000000000000  0.000000000000000 -.4691219746000286E-008 -.3469063561412078E-007 0.2242780973329972E-004
 8000.000000000000  0.000000000000000 -7000.000000000000  0.000000000000000  0.000000000000000 -.3855338687186460E-008 -.2907968149612472E-007 0.2212054347117132E-004
 8000.000000000000  1000.000000000000 -7000.000000000000  0.000000000000000  0.000000000000000 -.3962120520561996E-008 -.2977164870188176E-007 0.2215861041068856E-004
 8000.000000000000  2000.000000000000 -7000.000000000000  0.000000000000000  0.000000000000000 -.4069024756025996E-008 -.3046228261305295E-007 0.2219674978848341E-004
 8000.000000000000  3000.000000000000 -7000.000000000000  0.000000000000000  0.000000000000000 -.4176051365822886E-008 -.3115158325739387E-007 0.2223496100392519E-004
 8000.000000000000  4000.000000000000 -7000.000000000000  0.000000000000000  0.000000000000000 -.4283200460974967E-008 -.3183955060714894E-007 0.2227324454420754E-004
 8000.000000000000  5000.000000000000 -7000.000000000000  0.000000000000000  0.000000000000000 -.4390471930459938E-008 -.3252618466231816E-007 0.2231159993876242E-004
 8000.000000000000  6000.000000000000 -7000.000000000000  0.000000000000000  0.000000000000000 -.4497865829788950E-008 -.3321148542290153E-007 0.2235002751929671E-004
 8000.000000000000  7000.000000000000 -7000.000000000000  0.000000000000000  0.000000000000000 -.4605382131206426E-008 -.3389545291665463E-007 0.2238852724886775E-004
 8000.000000000000  8000.000000000000 -7000.000000000000  0.000000000000000  0.000000000000000 -.4713020862467943E-008 -.3457808708806631E-007 0.2242709910157958E-004
 0.000000000000000  0.000000000000000 -8000.000000000000  0.000000000000000  0.000000000000000 -.4179088547440202E-008 -.3392470437901807E-007 0.2212084053737629E-004
 0.000000000000000  1000.000000000000 -8000.000000000000  0.000000000000000  0.000000000000000 -.4285354238131589E-008 -.3462914369145587E-007 0.2215910895403406E-004
 0.000000000000000  2000.000000000000 -8000.000000000000  0.000000000000000  0.000000000000000 -.4391742358667017E-008 -.3533224968155224E-007 0.2219744973364079E-004
 0.000000000000000  3000.000000000000 -8000.000000000000  0.000000000000000  0.000000000000000 -.4498252909046485E-008 -.3603402237706277E-007 0.2223586259500476E-004
 0.000000000000000  4000.000000000000 -8000.000000000000  0.000000000000000  0.000000000000000 -.4604885889269994E-008 -.3673446180574302E-007 0.2227434751322921E-004
 0.000000000000000  5000.000000000000 -8000.000000000000  0.000000000000000  0.000000000000000 -.4711641243826392E-008 -.3743356796759301E-007 0.2231290460938395E-004
 0.000000000000000  6000.000000000000 -8000.000000000000  0.000000000000000  0.000000000000000 -.4818519055982406E-008 -.3813134080710157E-007 0.2235153356563990E-004
 0.000000000000000  7000.000000000000 -8000.000000000000  0.000000000000000  0.000000000000000 -.4925519270226886E-008 -.3882778037977985E-007 0.2239023478048385E-004
 0.000000000000000  8000.000000000000 -8000.000000000000  0.000000000000000  0.000000000000000 -.5032641886559830E-008 -.3952288665787229E-007 0.2242900854798613E-004
 1000.000000000000  0.000000000000000 -8000.000000000000  0.000000000000000  0.000000000000000 -.4200319647651440E-008 -.3382115049133105E-007 0.2212031991993824E-004
 1000.000000000000  1000.000000000000 -8000.000000000000  0.000000000000000  0.000000000000000 -.4306663109465703E-008 -.3452400049175353E-007 0.2215856423581908E-004
 1000.000000000000  2000.000000000000 -8000.000000000000  0.000000000000000  0.000000000000000 -.4413128945612854E-008 -.3522551716983457E-007 0.2219688078328175E-004
 1000.000000000000  3000.000000000000 -8000.000000000000  0.000000000000000  0.000000000000000 -.4519717211604046E-008 -.3592570058108535E-007 0.2223526933406439E-004
 1000.000000000000  4000.000000000000 -8000.000000000000  0.000000000000000  0.000000000000000 -.4626427907439279E-008 -.3662455069775028E-007 0.2227373006954969E-004
 1000.000000000000  5000.000000000000 -8000.000000000000  0.000000000000000  0.000000000000000 -.4733261033118552E-008 -.3732206751982936E-007 0.2231226296281474E-004
 1000.000000000000  6000.000000000000 -8000.000000000000  0.000000000000000  0.000000000000000 -.4840216533130715E-008 -.3801825104732259E-007 0.2235086756718907E-004
 1000.000000000000  7000.000000000000 -8000.000000000000  0.000000000000000  0.000000000000000 -.4947294462986918E-008 -.3871310128022998E-007 0.2238954457711717E-004
 1000.000000000000  8000.000000000000 -8000.000000000000  0.000000000000000  0.000000000000000 -.5054494822687161E-008 -.3940661824630709E-007 0.2242829385804002E-004
 2000.000000000000  0.000000000000000 -8000.000000000000  0.000000000000000  0.000000000000000 -.4221552052374733E-008 -.3371752693714924E-007 0.2211980001218250E-004
 2000.000000000000  1000.000000000000 -8000.000000000000  0.000000000000000  0.000000000000000 -.4327973229800719E-008 -.3441878759780082E-007 0.2215802013816326E-004
 2000.000000000000  2000.000000000000 -8000.000000000000  0.000000000000000  0.000000000000000 -.4434516809315170E-008 -.3511871499162211E-007 0.2219631244168574E-004
 2000.000000000000  3000.000000000000 -8000.000000000000  0.000000000000000  0.000000000000000 -.4541182790918086E-008 -.3581730906310199E-007 0.2223467685691372E-004
 2000.000000000000  4000.000000000000 -8000.000000000000  0.000000000000000  0.000000000000000 -.4647971230120618E-008 -.3651456983999601E-007 0.2227311331881587E-004
 2000.000000000000  5000.000000000000 -8000.000000000000  0.000000000000000  0.000000000000000 -.4754882071411615E-008 -.3721049735005977E-007 0.2231162152754873E-004
 2000.000000000000  6000.000000000000 -8000.000000000000  0.000000000000000  0.000000000000000 -.4861915287035501E-008 -.3790509156553767E-007 0.2235020227675522E-004
 2000.000000000000  7000.000000000000 -8000.000000000000  0.000000000000000  0.000000000000000 -.4969070960259003E-008 -.3859835248642973E-007 0.2238885528238477E-004
 2000.000000000000  8000.000000000000 -8000.000000000000  0.000000000000000  0.000000000000000 -.5076349063326546E-008 -.3929028014049152E-007 0.2242757999557088E-004
 3000.000000000000  0.000000000000000 -8000.000000000000  0.000000000000000  0.000000000000000 -.4242785761610079E-008 -.3361383368871707E-007 0.2211928068887592E-004
 3000.000000000000  1000.000000000000 -8000.000000000000  0.000000000000000  0.000000000000000 -.4349284654647789E-008 -.3431350500959773E-007 0.2215747658257383E-004
 3000.000000000000  2000.000000000000 -8000.000000000000  0.000000000000000  0.000000000000000 -.4455905977529540E-008 -.3501184306364813E-007 0.2219574487952181E-004
 3000.000000000000  3000.000000000000 -8000.000000000000  0.000000000000000  0.000000000000000 -.4562649674744179E-008 -.3570884782311268E-007 0.2223408508228442E-004
 3000.000000000000  4000.000000000000 -8000.000000000000  0.000000000000000  0.000000000000000 -.4669515829558435E-008 -.3640451931574695E-007 0.2227249706440726E-004
 3000.000000000000  5000.000000000000 -8000.000000000000  0.000000000000000  0.000000000000000 -.4776504386461156E-008 -.3709885748603980E-007 0.2231098143914978E-004
 3000.000000000000  6000.000000000000 -8000.000000000000  0.000000000000000  0.000000000000000 -.4883615373207917E-008 -.3779186238950238E-007 0.2234953789537197E-004
 3000.000000000000  7000.000000000000 -8000.000000000000  0.000000000000000  0.000000000000000 -.4990848762043143E-008 -.3848353402613469E-007 0.2238816637303853E-004
 3000.000000000000  8000.000000000000 -8000.000000000000  0.000000000000000  0.000000000000000 -.5098204580722410E-008 -.3917387234042558E-007 0.2242686708439634E-004
 4000.000000000000  0.000000000000000 -8000.000000000000  0.000000000000000  0.000000000000000 -.4264020747601904E-008 -.3351007069052336E-007 0.2211876220556408E-004
 4000.000000000000  1000.000000000000 -8000.000000000000  0.000000000000000  0.000000000000000 -.4370597384006913E-008 -.3420815272714428E-007 0.2215693399801322E-004
 4000.000000000000  2000.000000000000 -8000.000000000000  0.000000000000000  0.000000000000000 -.4477296422500388E-008 -.3490490146917935E-007 0.2219517805118754E-004
 4000.000000000000  3000.000000000000 -8000.000000000000  0.000000000000000  0.000000000000000 -.4584117863082326E-008 -.3560031691662857E-007 0.2223349370830685E-004
 4000.000000000000  4000.000000000000 -8000.000000000000  0.000000000000000  0.000000000000000 -.4691061733508306E-008 -.3629439906949194E-007 0.2227188172648775E-004
 4000.000000000000  5000.000000000000 -8000.000000000000  0.000000000000000  0.000000000000000 -.4798128033778326E-008 -.3698714795552505E-007 0.2231034183808323E-004
 4000.000000000000  6000.000000000000 -8000.000000000000  0.000000000000000  0.000000000000000 -.4905316736136811E-008 -.3767856351921672E-007 0.2234887405860864E-004
 4000.000000000000  7000.000000000000 -8000.000000000000  0.000000000000000  0.000000000000000 -.5012627840583761E-008 -.3836864581607813E-007 0.2238747843716360E-004
 4000.000000000000  8000.000000000000 -8000.000000000000  0.000000000000000  0.000000000000000 -.5120061374874751E-008 -.3905739481835369E-007 0.2242615503067480E-004
 5000.000000000000  0.000000000000000 -8000.000000000000  0.000000000000000  0.000000000000000 -.4285257038105783E-008 -.3340623802583487E-007 0.2211824454201317E-004
 5000.000000000000  1000.000000000000 -8000.000000000000  0.000000000000000  0.000000000000000 -.4391911390122516E-008 -.3410273072268488E-007 0.2215639197794550E-004
 5000.000000000000  2000.000000000000 -8000.000000000000  0.000000000000000  0.000000000000000 -.4498688171983289E-008 -.3479789015270462E-007 0.2219461154845392E-004
 5000.000000000000  3000.000000000000 -8000.000000000000  0.000000000000000  0.000000000000000 -.4605587355932528E-008 -.3549171626038294E-007 0.2223290327899030E-004
 5000.000000000000  4000.000000000000 -8000.000000000000  0.000000000000000  0.000000000000000 -.4712608941970231E-008 -.3618420910123099E-007 0.2227126703327476E-004
 5000.000000000000  5000.000000000000 -8000.000000000000  0.000000000000000  0.000000000000000 -.4819752957851975E-008 -.3687536867524877E-007 0.2230970292238510E-004
 5000.000000000000  6000.000000000000 -8000.000000000000  0.000000000000000  0.000000000000000 -.4927019403577759E-008 -.3756519492692512E-007 0.2234821093219375E-004
 5000.000000000000  7000.000000000000 -8000.000000000000  0.000000000000000  0.000000000000000 -.5034408251392009E-008 -.3825368791177119E-007 0.2238679123384157E-004
 5000.000000000000  8000.000000000000 -8000.000000000000  0.000000000000000  0.000000000000000 -.5141919501294723E-008 -.3894084760203143E-007 0.2242544345990027E-004
 6000.000000000000  0.000000000000000 -8000.000000000000  0.000000000000000  0.000000000000000 -.4306494605366140E-008 -.3330233563914042E-007 0.2211772759147523E-004
 6000.000000000000  1000.000000000000 -8000.000000000000  0.000000000000000  0.000000000000000 -.4413226700750172E-008 -.3399723902397511E-007 0.2215585051559832E-004
 6000.000000000000  2000.000000000000 -8000.000000000000  0.000000000000000  0.000000000000000 -.4520081198222670E-008 -.3469080911422395E-007 0.2219404606446096E-004
 6000.000000000000  3000.000000000000 -8000.000000000000  0.000000000000000  0.000000000000000 -.4627058125539207E-008 -.3538304593764252E-007 0.2223231353767896E-004
 6000.000000000000  4000.000000000000 -8000.000000000000  0.000000000000000  0.000000000000000 -.4734157427188634E-008 -.3607394946647524E-007 0.2227065311946608E-004
 6000.000000000000  5000.000000000000 -8000.000000000000  0.000000000000000  0.000000000000000 -.4841379158682102E-008 -.3676351970072211E-007 0.2230906466643701E-004
 6000.000000000000  6000.000000000000 -8000.000000000000  0.000000000000000  0.000000000000000 -.4948723347775186E-008 -.3745175666813871E-007 0.2234754865737543E-004
 6000.000000000000  7000.000000000000 -8000.000000000000  0.000000000000000  0.000000000000000 -.5056189911201159E-008 -.3813866031321389E-007 0.2238610459892598E-004
 6000.000000000000  8000.000000000000 -8000.000000000000  0.000000000000000  0.000000000000000 -.5163778904471172E-008 -.3882423066370322E-007 0.2242473260052891E-004
 7000.000000000000  0.000000000000000 -8000.000000000000  0.000000000000000  0.000000000000000 -.4327733504894127E-008 -.3319836355819561E-007 0.2211721106107345E-004
 7000.000000000000  1000.000000000000 -8000.000000000000  0.000000000000000  0.000000000000000 -.4434543288134307E-008 -.3389167763101497E-007 0.2215530998492254E-004
 7000.000000000000  2000.000000000000 -8000.000000000000  0.000000000000000  0.000000000000000 -.4541475528974104E-008 -.3458365840924849E-007 0.2219348123444487E-004
 7000.000000000000  3000.000000000000 -8000.000000000000  0.000000000000000  0.000000000000000 -.4648530171902365E-008 -.3527430592065173E-007 0.2223172462151313E-004
 7000.000000000000  4000.000000000000 -8000.000000000000  0.000000000000000  0.000000000000000 -.4755707216919092E-008 -.3596362013746912E-007 0.2227003983254483E-004
 7000.000000000000  5000.000000000000 -8000.000000000000  0.000000000000000  0.000000000000000 -.4863006691779859E-008 -.3665160103194509E-007 0.2230842731554272E-004
 7000.000000000000  6000.000000000000 -8000.000000000000  0.000000000000000  0.000000000000000 -.4970428568729091E-008 -.3733824865959079E-007 0.2234688693070197E-004
 7000.000000000000  7000.000000000000 -8000.000000000000  0.000000000000000  0.000000000000000 -.5077972875522363E-008 -.3802356299265064E-007 0.2238541853871734E-004
 7000.000000000000  8000.000000000000 -8000.000000000000  0.000000000000000  0.000000000000000 -.5185639612159676E-008 -.3870754405888022E-007 0.2242402221377948E-004
 8000.000000000000  0.000000000000000 -8000.000000000000  0.000000000000000  0.000000000000000 -.4348973681178592E-008 -.3309432178300042E-007 0.2211669534316063E-004
 8000.000000000000  1000.000000000000 -8000.000000000000  0.000000000000000  0.000000000000000 -.4455861180030496E-008 -.3378604654380446E-007 0.2215477020031664E-004
 8000.000000000000  2000.000000000000 -8000.000000000000  0.000000000000000  0.000000000000000 -.4562871136482016E-008 -.3447643798226707E-007 0.2219291712587945E-004
 8000.000000000000  3000.000000000000 -8000.000000000000  0.000000000000000  0.000000000000000 -.4670003522777577E-008 -.3516549615389941E-007 0.2223113616528494E-004
 8000.000000000000  4000.000000000000 -8000.000000000000  0.000000000000000  0.000000000000000 -.4777258311161603E-008 -.3585322105870148E-007 0.2226942731092807E-004
 8000.000000000000  5000.000000000000 -8000.000000000000  0.000000000000000  0.000000000000000 -.4884635473878518E-008 -.3653961266891770E-007 0.2230779060086174E-004
 8000.000000000000  6000.000000000000 -8000.000000000000  0.000000000000000  0.000000000000000 -.4992135094195049E-008 -.3722467098454807E-007 0.2234622582084067E-004
 8000.000000000000  7000.000000000000 -8000.000000000000  0.000000000000000  0.000000000000000 -.5099757144355621E-008 -.3790839600559259E-007 0.2238473326815482E-004
 8000.000000000000  8000.000000000000 -8000.000000000000  0.000000000000000  0.000000000000000 -.5207501596604658E-008 -.3859078775980684E-007 0.2242331286422816E-004
 0.000000000000000  0.000000000000000 -9000.000000000000  0.000000000000000  0.000000000000000 -.4672129377825129E-008 -.3798182801606487E-007 0.2211698235951576E-004
 0.000000000000000  1000.000000000000 -9000.000000000000  0.000000000000000  0.000000000000000 -.4778500817259612E-008 -.3868602485579409E-007 0.2215525854171174E-004
 0.000000000000000  2000.000000000000 -9000.000000000000  0.000000000000000  0.000000000000000 -.4884994658782560E-008 -.3938888840093746E-007 0.2219360700805861E-004
 0.000000000000000  3000.000000000000 -9000.000000000000  0.000000000000000  0.000000000000000 -.4991610902393973E-008 -.4009041867925056E-007 0.2223202759085718E-004
 0.000000000000000  4000.000000000000 -9000.000000000000  0.000000000000000  0.000000000000000 -.5098349575849426E-008 -.4079061563522224E-007 0.2227052022055198E-004
 0.000000000000000  5000.000000000000 -9000.000000000000  0.000000000000000  0.000000000000000 -.5205210679148919E-008 -.4148947932436364E-007 0.2230908498196404E-004
 0.000000000000000  6000.000000000000 -9000.000000000000  0.000000000000000  0.000000000000000 -.5312194212292454E-008 -.4218700971891920E-007 0.2234772199596891E-004
 0.000000000000000  7000.000000000000 -9000.000000000000  0.000000000000000  0.000000000000000 -.5419300119768877E-008 -.4288320681888891E-007 0.2238643080498814E-004
 0.000000000000000  8000.000000000000 -9000.000000000000  0.000000000000000  0.000000000000000 -.5526528457089341E-008 -.4357807065202834E-007 0.2242521195153224E-004
 1000.000000000000  0.000000000000000 -9000.000000000000  0.000000000000000  0.000000000000000 -.4693421346013693E-008 -.3787406635535895E-007 0.2211646293998060E-004
 1000.000000000000  1000.000000000000 -9000.000000000000  0.000000000000000  0.000000000000000 -.4799870501059900E-008 -.3857667385531727E-007 0.2215471499955601E-004
 1000.000000000000  2000.000000000000 -9000.000000000000  0.000000000000000  0.000000000000000 -.4906442085950147E-008 -.3927794808844531E-007 0.2219303923423066E-004
 1000.000000000000  3000.000000000000 -9000.000000000000  0.000000000000000  0.000000000000000 -.5013136072928859E-008 -.3997788902698751E-007 0.2223143565804886E-004
 1000.000000000000  4000.000000000000 -9000.000000000000  0.000000000000000  0.000000000000000 -.5119952461996036E-008 -.4067649669869944E-007 0.2226990403383922E-004
 1000.000000000000  5000.000000000000 -9000.000000000000  0.000000000000000  0.000000000000000 -.5226891308662829E-008 -.4137377104806994E-007 0.2230844459455428E-004
 1000.000000000000  6000.000000000000 -9000.000000000000  0.000000000000000  0.000000000000000 -.5333952557418087E-008 -.4206971215836575E-007 0.2234705709505680E-004
 1000.000000000000  7000.000000000000 -9000.000000000000  0.000000000000000  0.000000000000000 -.5441136208261810E-008 -.4276431994632013E-007 0.2238574175997265E-004
 1000.000000000000  8000.000000000000 -9000.000000000000  0.000000000000000  0.000000000000000 -.5548442261193998E-008 -.4345759443968866E-007 0.2242449853662176E-004
 2000.000000000000  0.000000000000000 -9000.000000000000  0.000000000000000  0.000000000000000 -.4714714646469886E-008 -.3776623494489151E-007 0.2211594421408503E-004
 2000.000000000000  1000.000000000000 -9000.000000000000  0.000000000000000  0.000000000000000 -.4821241517127817E-008 -.3846725316059008E-007 0.2215417209067150E-004
 2000.000000000000  2000.000000000000 -9000.000000000000  0.000000000000000  0.000000000000000 -.4927890817629788E-008 -.3916693808170280E-007 0.2219247211168729E-004
 2000.000000000000  3000.000000000000 -9000.000000000000  0.000000000000000  0.000000000000000 -.5034662547975799E-008 -.3986528970822967E-007 0.2223084416450027E-004
 2000.000000000000  4000.000000000000 -9000.000000000000  0.000000000000000  0.000000000000000 -.5141556680410275E-008 -.4056230804017069E-007 0.2226928844603626E-004
 2000.000000000000  5000.000000000000 -9000.000000000000  0.000000000000000  0.000000000000000 -.5248573214933216E-008 -.4125799310528144E-007 0.2230780463466364E-004
 2000.000000000000  6000.000000000000 -9000.000000000000  0.000000000000000  0.000000000000000 -.5355712179300198E-008 -.4195234484805077E-007 0.2234639308212882E-004
 2000.000000000000  7000.000000000000 -9000.000000000000  0.000000000000000  0.000000000000000 -.5462973573511221E-008 -.4264536332398983E-007 0.2238505351495612E-004
 2000.000000000000  8000.000000000000 -9000.000000000000  0.000000000000000  0.000000000000000 -.5570357369810708E-008 -.4333704850534303E-007 0.2242378614378260E-004
 3000.000000000000  0.000000000000000 -9000.000000000000  0.000000000000000  0.000000000000000 -.4736009195926982E-008 -.3765833386792927E-007 0.2211542616439854E-004
 3000.000000000000  1000.000000000000 -9000.000000000000  0.000000000000000  0.000000000000000 -.4842613809952212E-008 -.3835776277161251E-007 0.2215362986363045E-004
 3000.000000000000  2000.000000000000 -9000.000000000000  0.000000000000000  0.000000000000000 -.4949340826065907E-008 -.3905585835295433E-007 0.2219190568680807E-004
 3000.000000000000  3000.000000000000 -9000.000000000000  0.000000000000000  0.000000000000000 -.5056190272023642E-008 -.3975262063971030E-007 0.2223025362116382E-004
 3000.000000000000  4000.000000000000 -9000.000000000000  0.000000000000000  0.000000000000000 -.5163162147825417E-008 -.4044804968739157E-007 0.2226867349885975E-004
 3000.000000000000  5000.000000000000 -9000.000000000000  0.000000000000000  0.000000000000000 -.5270256397960082E-008 -.4114214541273142E-007 0.2230716567500068E-004
 3000.000000000000  6000.000000000000 -9000.000000000000  0.000000000000000  0.000000000000000 -.5377473105694364E-008 -.4183490787124100E-007 0.2234572982834360E-004
 3000.000000000000  7000.000000000000 -9000.000000000000  0.000000000000000  0.000000000000000 -.5484812215517110E-008 -.4252633703516473E-007 0.2238436588086756E-004
 3000.000000000000  8000.000000000000 -9000.000000000000  0.000000000000000  0.000000000000000 -.5592273755183896E-008 -.4321643290450261E-007 0.2242307438088398E-004
 4000.000000000000  0.000000000000000 -9000.000000000000  0.000000000000000  0.000000000000000 -.4757305077651708E-008 -.3755036306896109E-007 0.2211490889617029E-004
 4000.000000000000  1000.000000000000 -9000.000000000000  0.000000000000000  0.000000000000000 -.4863987407288661E-008 -.3824820263287343E-007 0.2215308837946739E-004
 4000.000000000000  2000.000000000000 -9000.000000000000  0.000000000000000  0.000000000000000 -.4970792139014080E-008 -.3894470892995550E-007 0.2219134003680900E-004
 4000.000000000000  3000.000000000000 -9000.000000000000  0.000000000000000  0.000000000000000 -.5077719328339114E-008 -.3963988193245171E-007 0.2222966354953337E-004
 4000.000000000000  4000.000000000000 -9000.000000000000  0.000000000000000  0.000000000000000 -.5184768919752614E-008 -.4033372164036209E-007 0.2226805928837172E-004
 4000.000000000000  5000.000000000000 -9000.000000000000  0.000000000000000  0.000000000000000 -.5291940913254578E-008 -.4102622805368661E-007 0.2230652716092574E-004
 4000.000000000000  6000.000000000000 -9000.000000000000  0.000000000000000  0.000000000000000 -.5399235336600583E-008 -.4171740117242528E-007 0.2234506706302875E-004
 4000.000000000000  7000.000000000000 -9000.000000000000  0.000000000000000  0.000000000000000 -.5506652162035053E-008 -.4240724099657811E-007 0.2238367902751559E-004
 4000.000000000000  8000.000000000000 -9000.000000000000  0.000000000000000  0.000000000000000 -.5614191445069139E-008 -.4309574755390067E-007 0.2242236328278691E-004
 5000.000000000000  0.000000000000000 -9000.000000000000  0.000000000000000  0.000000000000000 -.4778602208377336E-008 -.3744232257574254E-007 0.2211439233820722E-004
 5000.000000000000  1000.000000000000 -9000.000000000000  0.000000000000000  0.000000000000000 -.4885362281381589E-008 -.3813857282763955E-007 0.2215254769466490E-004
 5000.000000000000  2000.000000000000 -9000.000000000000  0.000000000000000  0.000000000000000 -.4992244756474307E-008 -.3883348981270629E-007 0.2219077485968168E-004
 5000.000000000000  3000.000000000000 -9000.000000000000  0.000000000000000  0.000000000000000 -.5099249661411065E-008 -.3952707347543161E-007 0.2222907432131160E-004
 5000.000000000000  4000.000000000000 -9000.000000000000  0.000000000000000  0.000000000000000 -.5206376968436288E-008 -.4021932384357108E-007 0.2226744572753070E-004
 5000.000000000000  5000.000000000000 -9000.000000000000  0.000000000000000  0.000000000000000 -.5313626705305552E-008 -.4091024094488027E-007 0.2230588935983602E-004
 5000.000000000000  6000.000000000000 -9000.000000000000  0.000000000000000  0.000000000000000 -.5420998844263281E-008 -.4159982477935920E-007 0.2234440514936598E-004
 5000.000000000000  7000.000000000000 -9000.000000000000  0.000000000000000  0.000000000000000 -.5528493413065050E-008 -.4228807529149670E-007 0.2238299283657819E-004
 5000.000000000000  8000.000000000000 -9000.000000000000  0.000000000000000  0.000000000000000 -.5636110411710860E-008 -.4297499253680392E-007 0.2242165307350663E-004
 6000.000000000000  0.000000000000000 -9000.000000000000  0.000000000000000  0.000000000000000 -.4799900643615018E-008 -.3733421238827361E-007 0.2211387661210651E-004
 6000.000000000000  1000.000000000000 -9000.000000000000  0.000000000000000  0.000000000000000 -.4906738459986570E-008 -.3802887330039972E-007 0.2215200765084968E-004
 6000.000000000000  2000.000000000000 -9000.000000000000  0.000000000000000  0.000000000000000 -.5013698678446588E-008 -.3872220097345114E-007 0.2219021058513793E-004
 6000.000000000000  3000.000000000000 -9000.000000000000  0.000000000000000  0.000000000000000 -.5120781271239494E-008 -.3941419532416113E-007 0.2222848587551951E-004
 6000.000000000000  4000.000000000000 -9000.000000000000  0.000000000000000  0.000000000000000 -.5227986321632017E-008 -.4010485640804085E-007 0.2226683302652965E-004
 6000.000000000000  5000.000000000000 -9000.000000000000  0.000000000000000  0.000000000000000 -.5335313801868580E-008 -.4079418416957914E-007 0.2230525239493852E-004
 6000.000000000000  6000.000000000000 -9000.000000000000  0.000000000000000  0.000000000000000 -.5442763684193608E-008 -.4148217869204274E-007 0.2234374396847816E-004
 6000.000000000000  7000.000000000000 -9000.000000000000  0.000000000000000  0.000000000000000 -.5550335940851525E-008 -.4216883989216491E-007 0.2238230756909654E-004
 6000.000000000000  8000.000000000000 -9000.000000000000  0.000000000000000  0.000000000000000 -.5658030655109059E-008 -.4285416779770124E-007 0.2242094345547563E-004
 7000.000000000000  0.000000000000000 -9000.000000000000  0.000000000000000  0.000000000000000 -.4821200383364754E-008 -.3722603247879874E-007 0.2211336152299626E-004
 7000.000000000000  1000.000000000000 -9000.000000000000  0.000000000000000  0.000000000000000 -.4928115915348030E-008 -.3791910410666510E-007 0.2215146809253499E-004
 7000.000000000000  2000.000000000000 -9000.000000000000  0.000000000000000  0.000000000000000 -.5035153849419771E-008 -.3861084243994561E-007 0.2218964695938075E-004
 7000.000000000000  3000.000000000000 -9000.000000000000  0.000000000000000  0.000000000000000 -.5142314185579977E-008 -.3930124747864028E-007 0.2222789794298352E-004
 7000.000000000000  4000.000000000000 -9000.000000000000  0.000000000000000  0.000000000000000 -.5249596979339799E-008 -.3999031925050467E-007 0.2226622098691622E-004
 7000.000000000000  5000.000000000000 -9000.000000000000  0.000000000000000  0.000000000000000 -.5357002175188086E-008 -.4067805770002764E-007 0.2230461616783974E-004
 7000.000000000000  6000.000000000000 -9000.000000000000  0.000000000000000  0.000000000000000 -.5464529773124838E-008 -.4136446285496476E-007 0.2234308343498914E-004
 7000.000000000000  7000.000000000000 -9000.000000000000  0.000000000000000  0.000000000000000 -.5572179773150054E-008 -.4204953474307160E-007 0.2238162297438229E-004
 7000.000000000000  8000.000000000000 -9000.000000000000  0.000000000000000  0.000000000000000 -.5679952230774887E-008 -.4273327336434818E-007 0.2242023446291652E-004
 8000.000000000000  0.000000000000000 -9000.000000000000  0.000000000000000  0.000000000000000 -.4842501427626544E-008 -.3711778290282908E-007 0.2211284685807446E-004
 8000.000000000000  1000.000000000000 -9000.000000000000  0.000000000000000  0.000000000000000 -.4949494675221544E-008 -.3780926519092453E-007 0.2215092933963159E-004
 8000.000000000000  2000.000000000000 -9000.000000000000  0.000000000000000  0.000000000000000 -.5056610352660584E-008 -.3849941421218972E-007 0.2218908415357879E-004
 8000.000000000000  3000.000000000000 -9000.000000000000  0.000000000000000  0.000000000000000 -.5163848432188090E-008 -.3918822991111348E-007 0.2222731080633866E-004
 8000.000000000000  4000.000000000000 -9000.000000000000  0.000000000000000  0.000000000000000 -.5271208913804060E-008 -.3987571234320697E-007 0.2226560965257196E-004
 8000.000000000000  5000.000000000000 -9000.000000000000  0.000000000000000  0.000000000000000 -.5378691825264070E-008 -.4056186150847019E-007 0.2230398055966254E-004
 8000.000000000000  6000.000000000000 -9000.000000000000  0.000000000000000  0.000000000000000 -.5486297166568121E-008 -.4124667737914756E-007 0.2234242384099860E-004
 8000.000000000000  7000.000000000000 -9000.000000000000  0.000000000000000  0.000000000000000 -.5594024937716213E-008 -.4193015992748350E-007 0.2238093901338334E-004
 8000.000000000000  8000.000000000000 -9000.000000000000  0.000000000000000  0.000000000000000 -.5701875083197194E-008 -.4261230923674475E-007 0.2241952616938159E-004
 0.000000000000000  0.000000000000000 -10000.00000000000  0.000000000000000  0.000000000000000 -.5165063016177029E-008 -.4204777248606462E-007 0.2211312366970364E-004
 0.000000000000000  1000.000000000000 -10000.00000000000  0.000000000000000  0.000000000000000 -.5271540148843457E-008 -.4275172688084083E-007 0.2215140766537171E-004
 0.000000000000000  2000.000000000000 -10000.00000000000  0.000000000000000  0.000000000000000 -.5378139683598349E-008 -.4345434798103120E-007 0.2218976379123050E-004
 0.000000000000000  3000.000000000000 -10000.00000000000  0.000000000000000  0.000000000000000 -.5484861675952857E-008 -.4415563578663573E-007 0.2222819211961102E-004
 0.000000000000000  4000.000000000000 -10000.00000000000  0.000000000000000  0.000000000000000 -.5591706070395830E-008 -.4485559029765440E-007 0.2226669248031610E-004
 0.000000000000000  5000.000000000000 -10000.00000000000  0.000000000000000  0.000000000000000 -.5698672894682844E-008 -.4555421151408723E-007 0.2230526505839214E-004
 0.000000000000000  6000.000000000000 -10000.00000000000  0.000000000000000  0.000000000000000 -.5805762121058322E-008 -.4625149946368978E-007 0.2234390984817702E-004
 0.000000000000000  7000.000000000000 -10000.00000000000  0.000000000000000  0.000000000000000 -.5912973749522266E-008 -.4694745411870649E-007 0.2238262636547472E-004
 0.000000000000000  8000.000000000000 -10000.00000000000  0.000000000000000  0.000000000000000 -.6020307835585825E-008 -.4764207547913735E-007 0.2242141490430005E-004
 1000.000000000000  0.000000000000000 -10000.00000000000  0.000000000000000  0.000000000000000 -.5186415852342918E-008 -.4193580299682864E-007 0.2211260548848348E-004
 1000.000000000000  1000.000000000000 -10000.00000000000  0.000000000000000  0.000000000000000 -.5292970728376645E-008 -.4263816807958953E-007 0.2215086526599630E-004
 1000.000000000000  2000.000000000000 -10000.00000000000  0.000000000000000  0.000000000000000 -.5399647978743261E-008 -.4333919984000900E-007 0.2218919727534074E-004
 1000.000000000000  3000.000000000000 -10000.00000000000  0.000000000000000  0.000000000000000 -.5506447714465068E-008 -.4403889833359820E-007 0.2222760138803626E-004
 1000.000000000000  4000.000000000000 -10000.00000000000  0.000000000000000  0.000000000000000 -.5613369824519765E-008 -.4473726353260155E-007 0.2226607741634412E-004
 1000.000000000000  5000.000000000000 -10000.00000000000  0.000000000000000  0.000000000000000 -.5720414364418502E-008 -.4543429543701905E-007 0.2230462564872804E-004
 1000.000000000000  6000.000000000000 -10000.00000000000  0.000000000000000  0.000000000000000 -.5827581306405705E-008 -.4612999407460627E-007 0.2234324609559635E-004
 1000.000000000000  7000.000000000000 -10000.00000000000  0.000000000000000  0.000000000000000 -.5934870678236948E-008 -.4682435941760765E-007 0.2238193839426694E-004
 1000.000000000000  8000.000000000000 -10000.00000000000  0.000000000000000  0.000000000000000 -.6042282479912231E-008 -.4751739146602318E-007 0.2242070299693366E-004
 2000.000000000000  0.000000000000000 -10000.00000000000  0.000000000000000  0.000000000000000 -.5207769965265285E-008 -.4182376378558672E-007 0.2211208798150177E-004
 2000.000000000000  1000.000000000000 -10000.00000000000  0.000000000000000  0.000000000000000 -.5314402584666311E-008 -.4252453955633229E-007 0.2215032360761149E-004
 2000.000000000000  2000.000000000000 -10000.00000000000  0.000000000000000  0.000000000000000 -.5421157606155802E-008 -.4322398200473643E-007 0.2218863131225879E-004
 2000.000000000000  3000.000000000000 -10000.00000000000  0.000000000000000  0.000000000000000 -.5528035001978182E-008 -.4392209118631030E-007 0.2222701109938496E-004
 2000.000000000000  4000.000000000000 -10000.00000000000  0.000000000000000  0.000000000000000 -.5635034883155754E-008 -.4461886707329832E-007 0.2226546306341448E-004
 2000.000000000000  5000.000000000000 -10000.00000000000  0.000000000000000  0.000000000000000 -.5742157138666215E-008 -.4531430966570049E-007 0.2230398704097802E-004
 2000.000000000000  6000.000000000000 -10000.00000000000  0.000000000000000  0.000000000000000 -.5849401824020717E-008 -.4600841899127239E-007 0.2234258319913640E-004
 2000.000000000000  7000.000000000000 -10000.00000000000  0.000000000000000  0.000000000000000 -.5956768911463683E-008 -.4670119499450287E-007 0.2238125129011559E-004
 2000.000000000000  8000.000000000000 -10000.00000000000  0.000000000000000  0.000000000000000 -.6064258428750691E-008 -.4739263770314750E-007 0.2241999169949604E-004
 3000.000000000000  0.000000000000000 -10000.00000000000  0.000000000000000  0.000000000000000 -.5229125410455282E-008 -.4171165490785000E-007 0.2211157123974128E-004
 3000.000000000000  1000.000000000000 -10000.00000000000  0.000000000000000  0.000000000000000 -.5335835717712456E-008 -.4241084133882467E-007 0.2214978260250966E-004
 3000.000000000000  2000.000000000000 -10000.00000000000  0.000000000000000  0.000000000000000 -.5442668482569246E-008 -.4310869447521348E-007 0.2218806611478663E-004
 3000.000000000000  3000.000000000000 -10000.00000000000  0.000000000000000  0.000000000000000 -.5549623649514501E-008 -.4380521434477203E-007 0.2222642169857902E-004
 3000.000000000000  4000.000000000000 -10000.00000000000  0.000000000000000  0.000000000000000 -.5656701218548221E-008 -.4450040089198914E-007 0.2226484962594699E-004
 3000.000000000000  5000.000000000000 -10000.00000000000  0.000000000000000  0.000000000000000 -.5763901217425982E-008 -.4519425417237599E-007 0.2230334918090771E-004
 3000.000000000000  6000.000000000000 -10000.00000000000  0.000000000000000  0.000000000000000 -.5871223618392207E-008 -.4588677415817699E-007 0.2234192103831023E-004
 3000.000000000000  7000.000000000000 -10000.00000000000  0.000000000000000  0.000000000000000 -.5978668449202473E-008 -.4657796087714772E-007 0.2238056490647122E-004
 3000.000000000000  8000.000000000000 -10000.00000000000  0.000000000000000  0.000000000000000 -.6086235682101204E-008 -.4726781430153260E-007 0.2241928114199432E-004
 4000.000000000000  0.000000000000000 -10000.00000000000  0.000000000000000  0.000000000000000 -.5250482104646181E-008 -.4159947630810734E-007 0.2211105509614120E-004
 4000.000000000000  1000.000000000000 -10000.00000000000  0.000000000000000  0.000000000000000 -.5357270183026230E-008 -.4229707339931110E-007 0.2214924221008441E-004
 4000.000000000000  2000.000000000000 -10000.00000000000  0.000000000000000  0.000000000000000 -.5464180663494744E-008 -.4299333722368459E-007 0.2218750160018490E-004
 4000.000000000000  3000.000000000000 -10000.00000000000  0.000000000000000  0.000000000000000 -.5571213546051723E-008 -.4368826778122781E-007 0.2222583313529758E-004
 4000.000000000000  4000.000000000000 -10000.00000000000  0.000000000000000  0.000000000000000 -.5678368830697167E-008 -.4438186501642960E-007 0.2226423645251829E-004
 4000.000000000000  5000.000000000000 -10000.00000000000  0.000000000000000  0.000000000000000 -.5785646572942227E-008 -.4507412898480112E-007 0.2230271208955581E-004
 4000.000000000000  6000.000000000000 -10000.00000000000  0.000000000000000  0.000000000000000 -.5893046717275752E-008 -.4576505965858679E-007 0.2234125960895450E-004
 4000.000000000000  7000.000000000000 -10000.00000000000  0.000000000000000  0.000000000000000 -.6000569263697741E-008 -.4645465706554219E-007 0.2237987937914188E-004
 4000.000000000000  8000.000000000000 -10000.00000000000  0.000000000000000  0.000000000000000 -.6108214212208196E-008 -.4714292115015617E-007 0.2241857129756109E-004
 5000.000000000000  0.000000000000000 -10000.00000000000  0.000000000000000  0.000000000000000 -.5271840158860286E-008 -.4148722798635873E-007 0.2211053977671518E-004
 5000.000000000000  1000.000000000000 -10000.00000000000  0.000000000000000  0.000000000000000 -.5378705925096483E-008 -.4218323579330274E-007 0.2214870275835112E-004
 5000.000000000000  2000.000000000000 -10000.00000000000  0.000000000000000  0.000000000000000 -.5485694121176721E-008 -.4287791030566090E-007 0.2218693803757166E-004
 5000.000000000000  3000.000000000000 -10000.00000000000  0.000000000000000  0.000000000000000 -.5592804747100999E-008 -.4357125152343322E-007 0.2222524498474154E-004
 5000.000000000000  4000.000000000000 -10000.00000000000  0.000000000000000  0.000000000000000 -.5700037775113742E-008 -.4426325944661968E-007 0.2226362426907547E-004
 5000.000000000000  5000.000000000000 -10000.00000000000  0.000000000000000  0.000000000000000 -.5807393205214950E-008 -.4495393410297588E-007 0.2230207540976359E-004
 5000.000000000000  6000.000000000000 -10000.00000000000  0.000000000000000  0.000000000000000 -.5914871092915774E-008 -.4564327543699065E-007 0.2234059889352769E-004
 5000.000000000000  7000.000000000000 -10000.00000000000  0.000000000000000  0.000000000000000 -.6022471382705064E-008 -.4633128350417515E-007 0.2237919449923909E-004
 5000.000000000000  8000.000000000000 -10000.00000000000  0.000000000000000  0.000000000000000 -.6130194074582818E-008 -.4701795830452937E-007 0.2241786218071251E-004
 6000.000000000000  0.000000000000000 -10000.00000000000  0.000000000000000  0.000000000000000 -.5293199462075293E-008 -.4137490999811533E-007 0.2211002516600002E-004
 6000.000000000000  1000.000000000000 -10000.00000000000  0.000000000000000  0.000000000000000 -.5400142943923214E-008 -.4206932846528844E-007 0.2214816400805675E-004
 6000.000000000000  2000.000000000000 -10000.00000000000  0.000000000000000  0.000000000000000 -.5507208883370751E-008 -.4276241366563127E-007 0.2218637472489737E-004
 6000.000000000000  3000.000000000000 -10000.00000000000  0.000000000000000  0.000000000000000 -.5614397224906753E-008 -.4345416554363268E-007 0.2222465754656011E-004
 6000.000000000000  4000.000000000000 -10000.00000000000  0.000000000000000  0.000000000000000 -.5721707996286796E-008 -.4414458415480382E-007 0.2226301255020546E-004
 6000.000000000000  5000.000000000000 -10000.00000000000  0.000000000000000  0.000000000000000 -.5829141141999727E-008 -.4483366949914469E-007 0.2230143965423204E-004
 6000.000000000000  6000.000000000000 -10000.00000000000  0.000000000000000  0.000000000000000 -.5936696745312275E-008 -.4552142154889971E-007 0.2233993885775165E-004
 6000.000000000000  7000.000000000000 -10000.00000000000  0.000000000000000  0.000000000000000 -.6044374778468864E-008 -.4620784030406888E-007 0.2237851017619641E-004
 6000.000000000000  8000.000000000000 -10000.00000000000  0.000000000000000  0.000000000000000 -.6152175213713917E-008 -.4689292576465220E-007 0.2241715373940689E-004
 7000.000000000000  0.000000000000000 -10000.00000000000  0.000000000000000  0.000000000000000 -.5314560042046779E-008 -.4126252226011040E-007 0.2210951137435191E-004
 7000.000000000000  1000.000000000000 -10000.00000000000  0.000000000000000  0.000000000000000 -.5421581295017575E-008 -.4195535141526818E-007 0.2214762578267582E-004
 7000.000000000000  2000.000000000000 -10000.00000000000  0.000000000000000  0.000000000000000 -.5528724922321260E-008 -.4264684730359569E-007 0.2218581221150040E-004
 7000.000000000000  3000.000000000000 -10000.00000000000  0.000000000000000  0.000000000000000 -.5635991007224561E-008 -.4333700989733735E-007 0.2222407097615675E-004
 7000.000000000000  4000.000000000000 -10000.00000000000  0.000000000000000  0.000000000000000 -.5743379494216327E-008 -.4402583919649317E-007 0.2226240170763449E-004
 7000.000000000000  5000.000000000000 -10000.00000000000  0.000000000000000  0.000000000000000 -.5850890411052134E-008 -.4471333520106313E-007 0.2230080458701100E-004
 7000.000000000000  6000.000000000000 -10000.00000000000  0.000000000000000  0.000000000000000 -.5958523729976406E-008 -.4539949793880282E-007 0.2233927962660975E-004
 7000.000000000000  7000.000000000000 -10000.00000000000  0.000000000000000  0.000000000000000 -.6066279450989143E-008 -.4608432735420109E-007 0.2237782670028166E-004
 7000.000000000000  8000.000000000000 -10000.00000000000  0.000000000000000  0.000000000000000 -.6174157629601496E-008 -.4676782350276909E-007 0.2241644621270300E-004
 8000.000000000000  0.000000000000000 -10000.00000000000  0.000000000000000  0.000000000000000 -.5335921954285894E-008 -.4115006485561068E-007 0.2210899809820810E-004
 8000.000000000000  1000.000000000000 -10000.00000000000  0.000000000000000  0.000000000000000 -.5443020922868413E-008 -.4184130469875313E-007 0.2214708827333323E-004
 8000.000000000000  2000.000000000000 -10000.00000000000  0.000000000000000  0.000000000000000 -.5550242265783822E-008 -.4253121127506532E-007 0.2218525057592902E-004
 8000.000000000000  3000.000000000000 -10000.00000000000  0.000000000000000  0.000000000000000 -.5657586094054423E-008 -.4321978452903608E-007 0.2222348501529359E-004
 8000.000000000000  4000.000000000000 -10000.00000000000  0.000000000000000  0.000000000000000 -.5765052296657913E-008 -.4390702448842099E-007 0.2226179156289421E-004
 8000.000000000000  5000.000000000000 -10000.00000000000  0.000000000000000  0.000000000000000 -.5872640956861019E-008 -.4459293118097563E-007 0.2230017025625641E-004
 8000.000000000000  6000.000000000000 -10000.00000000000  0.000000000000000  0.000000000000000 -.5980351963641439E-008 -.4527750460669999E-007 0.2233862106679196E-004
 8000.000000000000  7000.000000000000 -10000.00000000000  0.000000000000000  0.000000000000000 -.6088185455777051E-008 -.4596074471008293E-007 0.2237714405498026E-004
 8000.000000000000  8000.000000000000 -10000.00000000000  0.000000000000000  0.000000000000000 -.6196141350001128E-008 -.4664265154663561E-007 0.2241573916747508E-004
