 SGx1               SGx2               SGy1               SGy2               spin_ref          spin_x                  spin_y                  spin_z
 0.000000000000000  3000.000000000000 -10000.00000000000  0.000000000000000  0.000000000000000 -.1011867808986544E-007 0.5275405551286028E-007 0.2223024095401871E-004
 0.000000000000000  4000.000000000000 -10000.00000000000  0.000000000000000  0.000000000000000 -.9930383543244048E-008 0.4878845011324628E-007 0.2226873890270875E-004
 0.000000000000000  5000.000000000000 -10000.00000000000  0.000000000000000  0.000000000000000 -.9741997181178519E-008 0.4482340745792790E-007 0.2230730892383015E-004
 0.000000000000000  6000.000000000000 -10000.00000000000  0.000000000000000  0.000000000000000 -.9553519086935580E-008 0.4085892749139397E-007 0.2234595113698168E-004
 0.000000000000000  7000.000000000000 -10000.00000000000  0.000000000000000  0.000000000000000 -.9364949177248505E-008 0.3689501021364450E-007 0.2238466543158513E-004
 0.000000000000000  8000.000000000000 -10000.00000000000  0.000000000000000  0.000000000000000 -.9176287479872869E-008 0.3293165565243505E-007 0.2242345181013849E-004
 0.000000000000000  9000.000000000000 -10000.00000000000  0.000000000000000  0.000000000000000 -.8987533967053096E-008 0.2896886383552122E-007 0.2246231005842425E-004
 0.000000000000000  10000.00000000000 -10000.00000000000  0.000000000000000  0.000000000000000 -.8798688694300338E-008 0.2500663470739184E-007 0.2250124009725574E-004
 0.000000000000000  11000.00000000000 -10000.00000000000  0.000000000000000  0.000000000000000 -.8609751661614595E-008 0.2104496826804692E-007 0.2254024287576262E-004
 0.000000000000000  12000.00000000000 -10000.00000000000  0.000000000000000  0.000000000000000 -.8420722785729140E-008 0.1708386457299760E-007 0.2257931741356245E-004
 0.000000000000000  13000.00000000000 -10000.00000000000  0.000000000000000  0.000000000000000 -.8231602149910699E-008 0.1312332356673274E-007 0.2261846411130697E-004
 0.000000000000000  14000.00000000000 -10000.00000000000  0.000000000000000  0.000000000000000 -.8042389754159274E-008 0.9163345277007906E-008 0.2265768267042945E-004
 1000.000000000000  3000.000000000000 -10000.00000000000  0.000000000000000  0.000000000000000 -.9296334146924323E-008 0.4429006075779007E-007 0.2222965077472439E-004
 1000.000000000000  4000.000000000000 -10000.00000000000  0.000000000000000  0.000000000000000 -.9107826159926447E-008 0.4032522013530659E-007 0.2226812426098235E-004
 1000.000000000000  5000.000000000000 -10000.00000000000  0.000000000000000  0.000000000000000 -.8919226440751160E-008 0.3636094220160757E-007 0.2230667001196229E-004
 1000.000000000000  6000.000000000000 -10000.00000000000  0.000000000000000  0.000000000000000 -.8730534933887313E-008 0.3239722698444858E-007 0.2234528800190705E-004
 1000.000000000000  7000.000000000000 -10000.00000000000  0.000000000000000  0.000000000000000 -.8541751611579329E-008 0.2843407448382962E-007 0.2238397794621094E-004
 1000.000000000000  8000.000000000000 -10000.00000000000  0.000000000000000  0.000000000000000 -.8352876501582784E-008 0.2447148469975069E-007 0.2242274000349709E-004
 1000.000000000000  9000.000000000000 -10000.00000000000  0.000000000000000  0.000000000000000 -.8163909631653254E-008 0.2050945763221179E-007 0.2246157384272474E-004
 1000.000000000000  10000.00000000000 -10000.00000000000  0.000000000000000  0.000000000000000 -.7974850974035164E-008 0.1654799325345735E-007 0.2250048010840611E-004
 1000.000000000000  11000.00000000000 -10000.00000000000  0.000000000000000  0.000000000000000 -.7785700500972936E-008 0.1258709159124294E-007 0.2253945833269322E-004
 1000.000000000000  12000.00000000000 -10000.00000000000  0.000000000000000  0.000000000000000 -.7596458267977724E-008 0.8626752645568558E-008 0.2257850862072419E-004
 1000.000000000000  13000.00000000000 -10000.00000000000  0.000000000000000  0.000000000000000 -.7407124247293950E-008 0.4666976416434210E-008 0.2261763100605552E-004
 1000.000000000000  14000.00000000000 -10000.00000000000  0.000000000000000  0.000000000000000 -.7217698438921616E-008 0.7077628483287413E-009 0.2265682534005609E-004
 2000.000000000000  3000.000000000000 -10000.00000000000  0.000000000000000  0.000000000000000 -.8473992424429255E-008 0.3582605137553152E-007 0.2222906075394215E-004
 2000.000000000000  4000.000000000000 -10000.00000000000  0.000000000000000  0.000000000000000 -.8285271108077197E-008 0.3186197550242298E-007 0.2226751020598106E-004
 2000.000000000000  5000.000000000000 -10000.00000000000  0.000000000000000  0.000000000000000 -.8096457976281002E-008 0.2789846231809889E-007 0.2230603184272262E-004
 2000.000000000000  6000.000000000000 -10000.00000000000  0.000000000000000  0.000000000000000 -.7907553029040670E-008 0.2393551187807041E-007 0.2234462550496086E-004
 2000.000000000000  7000.000000000000 -10000.00000000000  0.000000000000000  0.000000000000000 -.7718556349622929E-008 0.1997312412682639E-007 0.2238329106249437E-004
 2000.000000000000  8000.000000000000 -10000.00000000000  0.000000000000000  0.000000000000000 -.7529467854761052E-008 0.1601129911987798E-007 0.2242202875837873E-004
 2000.000000000000  9000.000000000000 -10000.00000000000  0.000000000000000  0.000000000000000 -.7340287599966189E-008 0.1205003677395844E-007 0.2246083880844130E-004
 2000.000000000000  10000.00000000000 -10000.00000000000  0.000000000000000  0.000000000000000 -.7151015501971614E-008 0.8089337172334510E-008 0.2249972053941507E-004
 2000.000000000000  11000.00000000000 -10000.00000000000  0.000000000000000  0.000000000000000 -.6961651671799629E-008 0.4129200287250612E-008 0.2253867451013081E-004
 2000.000000000000  12000.00000000000 -10000.00000000000  0.000000000000000  0.000000000000000 -.6772196026183508E-008 0.1696260909511693E-009 0.2257770060357100E-004
 2000.000000000000  13000.00000000000 -10000.00000000000  0.000000000000000  0.000000000000000 -.6582648592878826E-008 -.3789385388808242E-008 0.2261679865125932E-004
 2000.000000000000  14000.00000000000 -10000.00000000000  0.000000000000000  0.000000000000000 -.6393009399641159E-008 -.7747834179783197E-008 0.2265596874503895E-004
 3000.000000000000  3000.000000000000 -10000.00000000000  0.000000000000000  0.000000000000000 -.7651653033402539E-008 0.2736202733832904E-007 0.2222847171948206E-004
 3000.000000000000  4000.000000000000 -10000.00000000000  0.000000000000000  0.000000000000000 -.7462718304429572E-008 0.2339871624235101E-007 0.2226689693154982E-004
 3000.000000000000  5000.000000000000 -10000.00000000000  0.000000000000000  0.000000000000000 -.7273691760012468E-008 0.1943596780740187E-007 0.2230539432426792E-004
 3000.000000000000  6000.000000000000 -10000.00000000000  0.000000000000000  0.000000000000000 -.7084573455662380E-008 0.1547378214450390E-007 0.2234396359410140E-004
 3000.000000000000  7000.000000000000 -10000.00000000000  0.000000000000000  0.000000000000000 -.6895363363623730E-008 0.1151215917039039E-007 0.2238260505757483E-004
 3000.000000000000  8000.000000000000 -10000.00000000000  0.000000000000000  0.000000000000000 -.6706061456140944E-008 0.7551098885061336E-008 0.2242131852542295E-004
 3000.000000000000  9000.000000000000 -10000.00000000000  0.000000000000000  0.000000000000000 -.6516667816480748E-008 0.3590601316272313E-008 0.2246010424641898E-004
 3000.000000000000  10000.00000000000 -10000.00000000000  0.000000000000000  0.000000000000000 -.6327182361376416E-008 -.3693335359766792E-009 0.2249896171049870E-004
 3000.000000000000  11000.00000000000 -10000.00000000000  0.000000000000000  0.000000000000000 -.6137605118583522E-008 -.4328705671685640E-008 0.2253789142109275E-004
 3000.000000000000  12000.00000000000 -10000.00000000000  0.000000000000000  0.000000000000000 -.5947936060346493E-008 -.8287515090854569E-008 0.2257689314405509E-004
 3000.000000000000  13000.00000000000 -10000.00000000000  0.000000000000000  0.000000000000000 -.5758175242176478E-008 -.1224576182123904E-007 0.2261596703131974E-004
 3000.000000000000  14000.00000000000 -10000.00000000000  0.000000000000000  0.000000000000000 -.5568322664073477E-008 -.1620344583508349E-007 0.2265511287161126E-004
 4000.000000000000  3000.000000000000 -10000.00000000000  0.000000000000000  0.000000000000000 -.6829315946088599E-008 0.1889798867393822E-007 0.2222788357453265E-004
 4000.000000000000  4000.000000000000 -10000.00000000000  0.000000000000000  0.000000000000000 -.6640167776739148E-008 0.1493544232733512E-007 0.2226628451806878E-004
 4000.000000000000  5000.000000000000 -10000.00000000000  0.000000000000000  0.000000000000000 -.6450927875212287E-008 0.1097345866951649E-007 0.2230475737413640E-004
 4000.000000000000  6000.000000000000 -10000.00000000000  0.000000000000000  0.000000000000000 -.6261596158241289E-008 0.7012037755993461E-008 0.2234330221911884E-004
 4000.000000000000  7000.000000000000 -10000.00000000000  0.000000000000000  0.000000000000000 -.6072172653581731E-008 0.3051179531254888E-008 0.2238191973644166E-004
 4000.000000000000  8000.000000000000 -10000.00000000000  0.000000000000000  0.000000000000000 -.5882657388989188E-008 -.9091159769436530E-009 0.2242060891072262E-004
 4000.000000000000  9000.000000000000 -10000.00000000000  0.000000000000000  0.000000000000000 -.5693050336708083E-008 -.4868848796357739E-008 0.2245937037739787E-004
 4000.000000000000  10000.00000000000 -10000.00000000000  0.000000000000000  0.000000000000000 -.5503351468982842E-008 -.8828018871476218E-008 0.2249820359256915E-004
 4000.000000000000  11000.00000000000 -10000.00000000000  0.000000000000000  0.000000000000000 -.5313560813569040E-008 -.1278662623005467E-007 0.2253710892266558E-004
 4000.000000000000  12000.00000000000 -10000.00000000000  0.000000000000000  0.000000000000000 -.5123678398222253E-008 -.1674467092760423E-007 0.2257608658573496E-004
 4000.000000000000  13000.00000000000 -10000.00000000000  0.000000000000000  0.000000000000000 -.4933704195186905E-008 -.2070215288085819E-007 0.2261513611739874E-004
 4000.000000000000  14000.00000000000 -10000.00000000000  0.000000000000000  0.000000000000000 -.4743638204462997E-008 -.2465907211757212E-007 0.2265425769973350E-004
 5000.000000000000  3000.000000000000 -10000.00000000000  0.000000000000000  0.000000000000000 -.6006981079220708E-008 0.1043393538235904E-007 0.2222729606132789E-004
 5000.000000000000  4000.000000000000 -10000.00000000000  0.000000000000000  0.000000000000000 -.5817619552761499E-008 0.6472153785130885E-008 0.2226567260588119E-004
 5000.000000000000  5000.000000000000 -10000.00000000000  0.000000000000000  0.000000000000000 -.5628166266369306E-008 0.2510934904442763E-008 0.2230412110401647E-004
 5000.000000000000  6000.000000000000 -10000.00000000000  0.000000000000000  0.000000000000000 -.5438621136777400E-008 -.1449721259705328E-008 0.2234264191947055E-004
 5000.000000000000  7000.000000000000 -10000.00000000000  0.000000000000000  0.000000000000000 -.5248984247252508E-008 -.5409814707313387E-008 0.2238123527240066E-004
 5000.000000000000  8000.000000000000 -10000.00000000000  0.000000000000000  0.000000000000000 -.5059255597794632E-008 -.9369345493892567E-008 0.2241990001630723E-004
 5000.000000000000  9000.000000000000 -10000.00000000000  0.000000000000000  0.000000000000000 -.4869435132892619E-008 -.1332831350842056E-007 0.2245863722166730E-004
 5000.000000000000  10000.00000000000 -10000.00000000000  0.000000000000000  0.000000000000000 -.4679522852546469E-008 -.1728671883416411E-007 0.2249744607948911E-004
 5000.000000000000  11000.00000000000 -10000.00000000000  0.000000000000000  0.000000000000000 -.4489518840022910E-008 -.2124456144336762E-007 0.2253632734938726E-004
 5000.000000000000  12000.00000000000 -10000.00000000000  0.000000000000000  0.000000000000000 -.4299423012055215E-008 -.2520184139154225E-007 0.2257528065086056E-004
 5000.000000000000  13000.00000000000 -10000.00000000000  0.000000000000000  0.000000000000000 -.4109235396398958E-008 -.2915855856766569E-007 0.2261430592767621E-004
 5000.000000000000  14000.00000000000 -10000.00000000000  0.000000000000000  0.000000000000000 -.3918955993054141E-008 -.3311471305500469E-007 0.2265340324689169E-004
 6000.000000000000  3000.000000000000 -10000.00000000000  0.000000000000000  0.000000000000000 -.5184648543821169E-008 0.1969867435835937E-008 0.2222670908827440E-004
 6000.000000000000  4000.000000000000 -10000.00000000000  0.000000000000000  0.000000000000000 -.4995073632496627E-008 -.1991149384261703E-008 0.2226506131730588E-004
 6000.000000000000  5000.000000000000 -10000.00000000000  0.000000000000000  0.000000000000000 -.4805406905727949E-008 -.5951603487819312E-008 0.2230348571971574E-004
 6000.000000000000  6000.000000000000 -10000.00000000000  0.000000000000000  0.000000000000000 -.4615648419026286E-008 -.9911494902592466E-008 0.2234198241771179E-004
 6000.000000000000  7000.000000000000 -10000.00000000000  0.000000000000000  0.000000000000000 -.4425798144636062E-008 -.1387082362858116E-007 0.2238055132283701E-004
 6000.000000000000  8000.000000000000 -10000.00000000000  0.000000000000000  0.000000000000000 -.4235856054801701E-008 -.1782958961027425E-007 0.2241919180820395E-004
 6000.000000000000  9000.000000000000 -10000.00000000000  0.000000000000000  0.000000000000000 -.4045822205034355E-008 -.2178779287542731E-007 0.2245790467136910E-004
 6000.000000000000  10000.00000000000 -10000.00000000000  0.000000000000000  0.000000000000000 -.3855696567578448E-008 -.2574543345179592E-007 0.2249668946532890E-004
 6000.000000000000  11000.00000000000 -10000.00000000000  0.000000000000000  0.000000000000000 -.3665479142433981E-008 -.2970251131162449E-007 0.2253554639852773E-004
 6000.000000000000  12000.00000000000 -10000.00000000000  0.000000000000000  0.000000000000000 -.3475169901845376E-008 -.3365902645491303E-007 0.2257447538145385E-004
 6000.000000000000  13000.00000000000 -10000.00000000000  0.000000000000000  0.000000000000000 -.3284768901323787E-008 -.3761497890941712E-007 0.2261347645082790E-004
 6000.000000000000  14000.00000000000 -10000.00000000000  0.000000000000000  0.000000000000000 -.3094276113113636E-008 -.4157036861962560E-007 0.2265254952704687E-004
 7000.000000000000  3000.000000000000 -10000.00000000000  0.000000000000000  0.000000000000000 -.4362318284378830E-008 -.6494215110119939E-008 0.2222612277397173E-004
 7000.000000000000  4000.000000000000 -10000.00000000000  0.000000000000000  0.000000000000000 -.4172529932677804E-008 -.1045446718084264E-007 0.2226445085856676E-004
 7000.000000000000  5000.000000000000 -10000.00000000000  0.000000000000000  0.000000000000000 -.3982649848799369E-008 -.1441415653502531E-007 0.2230285122473141E-004
 7000.000000000000  6000.000000000000 -10000.00000000000  0.000000000000000  0.000000000000000 -.3792677977232373E-008 -.1837328320042353E-007 0.2234132346815021E-004
 7000.000000000000  7000.000000000000 -10000.00000000000  0.000000000000000  0.000000000000000 -.3602614262465664E-008 -.2233184714928171E-007 0.2237986783357182E-004
 7000.000000000000  8000.000000000000 -10000.00000000000  0.000000000000000  0.000000000000000 -.3412458815521546E-008 -.2628984835384429E-007 0.2241848456210893E-004
 7000.000000000000  9000.000000000000 -10000.00000000000  0.000000000000000  0.000000000000000 -.3222211553133292E-008 -.3024728686962241E-007 0.2245717301360695E-004
 7000.000000000000  10000.00000000000 -10000.00000000000  0.000000000000000  0.000000000000000 -.3031872530812052E-008 -.3420416269661608E-007 0.2249593348407908E-004
 7000.000000000000  11000.00000000000 -10000.00000000000  0.000000000000000  0.000000000000000 -.2841441693046676E-008 -.3816047580706972E-007 0.2253476616076444E-004
 7000.000000000000  12000.00000000000 -10000.00000000000  0.000000000000000  0.000000000000000 -.2650919095348314E-008 -.4211622617322774E-007 0.2257367088920326E-004
 7000.000000000000  13000.00000000000 -10000.00000000000  0.000000000000000  0.000000000000000 -.2460304682205816E-008 -.4607141385060132E-007 0.2261264770125893E-004
 7000.000000000000  14000.00000000000 -10000.00000000000  0.000000000000000  0.000000000000000 -.2269598509130333E-008 -.5002603883919043E-007 0.2265169659090849E-004
 8000.000000000000  3000.000000000000 -10000.00000000000  0.000000000000000  0.000000000000000 -.3539990273138116E-008 -.1495831231101974E-007 0.2222553726247134E-004
 8000.000000000000  4000.000000000000 -10000.00000000000  0.000000000000000  0.000000000000000 -.3349988564327333E-008 -.1891779960461193E-007 0.2226384125558756E-004
 8000.000000000000  5000.000000000000 -10000.00000000000  0.000000000000000  0.000000000000000 -.3159895095583565E-008 -.2287672420941966E-007 0.2230221719964898E-004
 8000.000000000000  6000.000000000000 -10000.00000000000  0.000000000000000  0.000000000000000 -.2969709783640084E-008 -.2683508612544294E-007 0.2234066527220802E-004
 8000.000000000000  7000.000000000000 -10000.00000000000  0.000000000000000  0.000000000000000 -.2779432711763619E-008 -.3079288529717061E-007 0.2237918522776661E-004
 8000.000000000000  8000.000000000000 -10000.00000000000  0.000000000000000  0.000000000000000 -.2589063852198592E-008 -.3475012175235825E-007 0.2241777776199050E-004
 8000.000000000000  9000.000000000000 -10000.00000000000  0.000000000000000  0.000000000000000 -.2398603232700580E-008 -.3870679551876144E-007 0.2245644185464024E-004
 8000.000000000000  10000.00000000000 -10000.00000000000  0.000000000000000  0.000000000000000 -.2208050770002856E-008 -.4266290656862459E-007 0.2249517837843440E-004
 8000.000000000000  11000.00000000000 -10000.00000000000  0.000000000000000  0.000000000000000 -.2017406547372147E-008 -.4661845490194771E-007 0.2253398662743766E-004
 8000.000000000000  12000.00000000000 -10000.00000000000  0.000000000000000  0.000000000000000 -.1826670564808452E-008 -.5057344054648638E-007 0.2257286710380391E-004
 8000.000000000000  13000.00000000000 -10000.00000000000  0.000000000000000  0.000000000000000 -.1635842739045046E-008 -.5452786344672944E-007 0.2261181965498849E-004
 8000.000000000000  14000.00000000000 -10000.00000000000  0.000000000000000  0.000000000000000 -.1444923181104230E-008 -.5848172368594362E-007 0.2265084429348141E-004
 9000.000000000000  3000.000000000000 -10000.00000000000  0.000000000000000  0.000000000000000 -.2717664593365754E-008 -.2342242411135231E-007 0.2222495247550249E-004
 9000.000000000000  4000.000000000000 -10000.00000000000  0.000000000000000  0.000000000000000 -.2527449499689638E-008 -.2738114665556957E-007 0.2226323211546033E-004
 9000.000000000000  5000.000000000000 -10000.00000000000  0.000000000000000  0.000000000000000 -.2337142562813810E-008 -.3133930653875794E-007 0.2230158392513282E-004
 9000.000000000000  6000.000000000000 -10000.00000000000  0.000000000000000  0.000000000000000 -.2146743893760572E-008 -.3529690364989513E-007 0.2234000759604449E-004
 9000.000000000000  7000.000000000000 -10000.00000000000  0.000000000000000  0.000000000000000 -.1956253437018773E-008 -.3925393807224786E-007 0.2237850345074288E-004
 9000.000000000000  8000.000000000000 -10000.00000000000  0.000000000000000  0.000000000000000 -.1765671164832838E-008 -.4321040977806057E-007 0.2241707143327276E-004
 9000.000000000000  9000.000000000000 -10000.00000000000  0.000000000000000  0.000000000000000 -.1574997132713918E-008 -.4716631879508881E-007 0.2245571180492512E-004
 9000.000000000000  10000.00000000000 -10000.00000000000  0.000000000000000  0.000000000000000 -.1384231312906437E-008 -.5112166506782145E-007 0.2249442377338928E-004
 9000.000000000000  11000.00000000000 -10000.00000000000  0.000000000000000  0.000000000000000 -.1193373705410394E-008 -.5507644865176964E-007 0.2253320782844015E-004
 9000.000000000000  12000.00000000000 -10000.00000000000  0.000000000000000  0.000000000000000 -.1002424282470216E-008 -.5903066951917779E-007 0.2257206404313039E-004
 9000.000000000000  13000.00000000000 -10000.00000000000  0.000000000000000  0.000000000000000 -.8113830995970517E-009 -.6298432769780149E-007 0.2261099234188158E-004
 9000.000000000000  14000.00000000000 -10000.00000000000  0.000000000000000  0.000000000000000 -.6202501290353268E-009 -.6693742313212958E-007 0.2264999271708867E-004
 10000.00000000000  3000.000000000000 -10000.00000000000  0.000000000000000  0.000000000000000 -.1895341189550592E-008 -.3188655059438439E-007 0.2222436853624443E-004
 10000.00000000000  4000.000000000000 -10000.00000000000  0.000000000000000  0.000000000000000 -.1704912655497992E-008 -.3584450838922670E-007 0.2226262389365408E-004
 10000.00000000000  5000.000000000000 -10000.00000000000  0.000000000000000  0.000000000000000 -.1514392389267982E-008 -.3980190346752899E-007 0.2230095127189746E-004
 10000.00000000000  6000.000000000000 -10000.00000000000  0.000000000000000  0.000000000000000 -.1323780307593836E-008 -.4375873582929124E-007 0.2233935093334805E-004
 10000.00000000000  7000.000000000000 -10000.00000000000  0.000000000000000  0.000000000000000 -.1133076438231129E-008 -.4771500550226904E-007 0.2237782245639863E-004
 10000.00000000000  8000.000000000000 -10000.00000000000  0.000000000000000  0.000000000000000 -.9422807811798606E-009 -.5167071245870680E-007 0.2241636612285158E-004
 10000.00000000000  9000.000000000000 -10000.00000000000  0.000000000000000  0.000000000000000 -.7513933641956072E-009 -.5562585669860454E-007 0.2245498195999063E-004
 10000.00000000000  10000.00000000000 -10000.00000000000  0.000000000000000  0.000000000000000 -.5604141317672173E-009 -.5958043822196224E-007 0.2249367012677195E-004
 10000.00000000000  11000.00000000000 -10000.00000000000  0.000000000000000  0.000000000000000 -.3693431116502666E-009 -.6353445702877991E-007 0.2253242990271631E-004
 10000.00000000000  12000.00000000000 -10000.00000000000  0.000000000000000  0.000000000000000 -.1781803316003305E-009 -.6748791317456870E-007 0.2257126169810664E-004
 10000.00000000000  13000.00000000000 -10000.00000000000  0.000000000000000  0.000000000000000 0.1307426389374200E-010 -.7144080654830631E-007 0.2261016574559016E-004
 10000.00000000000  14000.00000000000 -10000.00000000000  0.000000000000000  0.000000000000000 0.2044206193207998E-009 -.7539313723325947E-007 0.2264914186206335E-004
 11000.00000000000  3000.000000000000 -10000.00000000000  0.000000000000000  0.000000000000000 -.1073020033937055E-008 -.4035069167684924E-007 0.2222378539112890E-004
 11000.00000000000  4000.000000000000 -10000.00000000000  0.000000000000000  0.000000000000000 -.8823781427746979E-009 -.4430788472231662E-007 0.2226201639984882E-004
 11000.00000000000  5000.000000000000 -10000.00000000000  0.000000000000000  0.000000000000000 -.6916444639237795E-009 -.4826451505124396E-007 0.2230031958239120E-004
 11000.00000000000  6000.000000000000 -10000.00000000000  0.000000000000000  0.000000000000000 -.5008189696287246E-009 -.5222058263587570E-007 0.2233869494494556E-004
 11000.00000000000  7000.000000000000 -10000.00000000000  0.000000000000000  0.000000000000000 -.3099017154006845E-009 -.5617608753172298E-007 0.2237714210498454E-004
 11000.00000000000  8000.000000000000 -10000.00000000000  0.000000000000000  0.000000000000000 -.1188927012396590E-009 -.6013102973878581E-007 0.2241566152219598E-004
 11000.00000000000  9000.000000000000 -10000.00000000000  0.000000000000000  0.000000000000000 0.7220812836550294E-010 -.6408540922930861E-007 0.2245425298127990E-004
 11000.00000000000  10000.00000000000 -10000.00000000000  0.000000000000000  0.000000000000000 0.2634007734148014E-009 -.6803922600329138E-007 0.2249291681089005E-004
 11000.00000000000  11000.00000000000 -10000.00000000000  0.000000000000000  0.000000000000000 0.4546851783970851E-009 -.7199248003297853E-007 0.2253165234944454E-004
 11000.00000000000  12000.00000000000 -10000.00000000000  0.000000000000000  0.000000000000000 0.6460613433123541E-009 -.7594517140163681E-007 0.2257046007034247E-004
 11000.00000000000  13000.00000000000 -10000.00000000000  0.000000000000000  0.000000000000000 0.8375293514273352E-009 -.7989730005375506E-007 0.2260933985856473E-004
 11000.00000000000  14000.00000000000 -10000.00000000000  0.000000000000000  0.000000000000000 0.1029089119475302E-008 -.8384886596157770E-007 0.2264829172854421E-004
