 SGx1               SGx2               SGy1               SGy2               spin_ref          spin_x                  spin_y                  spin_z
 0.000000000000000  0.000000000000000 -319.0000000000000  0.000000000000000  0.000000000000000 -.1551811734668007E-009 -.8373076121337419E-009 0.3393488382852361E-005
 0.000000000000000  50.00000000000000 -319.0000000000000  0.000000000000000  0.000000000000000 -.1692609941095213E-009 -.8794571459969092E-009 0.3393691666686571E-005
 0.000000000000000  100.0000000000000 -319.0000000000000  0.000000000000000  0.000000000000000 -.1833397322847929E-009 -.9216096219510916E-009 0.3393894842051992E-005
 0.000000000000000  150.0000000000000 -319.0000000000000  0.000000000000000  0.000000000000000 -.1974173879926155E-009 -.9637650122407138E-009 0.3394097687431374E-005
 0.000000000000000  200.0000000000000 -319.0000000000000  0.000000000000000  0.000000000000000 -.2114939612329891E-009 -.1005923289110200E-008 0.3394300393394500E-005
 0.000000000000000  250.0000000000000 -319.0000000000000  0.000000000000000  0.000000000000000 -.2255694797614893E-009 -.1048084480315126E-008 0.3394502679665568E-005
 0.000000000000000  300.0000000000000 -319.0000000000000  0.000000000000000  0.000000000000000 -.2396439158225405E-009 -.1090248613611067E-008 0.3394704859271958E-005
 0.000000000000000  350.0000000000000 -319.0000000000000  0.000000000000000  0.000000000000000 -.2537172694161427E-009 -.1132415605731296E-008 0.3394906733289460E-005
 0.000000000000000  400.0000000000000 -319.0000000000000  0.000000000000000  0.000000000000000 -.2677895405422959E-009 -.1174585512186965E-008 0.3395108036846617E-005
 0.000000000000000  450.0000000000000 -319.0000000000000  0.000000000000000  0.000000000000000 -.2818607292010000E-009 -.1216758332978074E-008 0.3395309342013597E-005
 0.000000000000000  500.0000000000000 -319.0000000000000  0.000000000000000  0.000000000000000 -.2959308631478308E-009 -.1258934068104622E-008 0.3395510409620606E-005
 0.000000000000000  550.0000000000000 -319.0000000000000  0.000000000000000  0.000000000000000 -.3099999146272125E-009 -.1301112689811035E-008 0.3395711201392704E-005
 0.000000000000000  600.0000000000000 -319.0000000000000  0.000000000000000  0.000000000000000 -.3240678836391453E-009 -.1343294225852887E-008 0.3395911807646534E-005
 0.000000000000000  650.0000000000000 -319.0000000000000  0.000000000000000  0.000000000000000 -.3381347701836290E-009 -.1385478676230179E-008 0.3396112046832878E-005
 0.000000000000000  700.0000000000000 -319.0000000000000  0.000000000000000  0.000000000000000 -.3522005742606638E-009 -.1427666068698485E-008 0.3396312074716024E-005
 50.00000000000000  0.000000000000000 -319.0000000000000  0.000000000000000  0.000000000000000 -.1710920849440356E-009 -.8809325768854848E-009 0.3393435465154360E-005
 50.00000000000000  50.00000000000000 -319.0000000000000  0.000000000000000  0.000000000000000 -.1851712394529414E-009 -.9230841369056719E-009 0.3393638543819355E-005
 50.00000000000000  100.0000000000000 -319.0000000000000  0.000000000000000  0.000000000000000 -.1992493670055495E-009 -.9652385835057231E-009 0.3393841670334963E-005
 50.00000000000000  150.0000000000000 -319.0000000000000  0.000000000000000  0.000000000000000 -.2133263843351330E-009 -.1007395972196790E-008 0.3394044394366968E-005
 50.00000000000000  200.0000000000000 -319.0000000000000  0.000000000000000  0.000000000000000 -.2274023191972674E-009 -.1049556275223296E-008 0.3394246801791123E-005
 50.00000000000000  250.0000000000000 -319.0000000000000  0.000000000000000  0.000000000000000 -.2414771993475284E-009 -.1091719464829666E-008 0.3394448978372155E-005
 50.00000000000000  300.0000000000000 -319.0000000000000  0.000000000000000  0.000000000000000 -.2555509970303405E-009 -.1133885541015900E-008 0.3394650984700487E-005
 50.00000000000000  350.0000000000000 -319.0000000000000  0.000000000000000  0.000000000000000 -.2696237122457035E-009 -.1176054587048725E-008 0.3394852543942006E-005
 50.00000000000000  400.0000000000000 -319.0000000000000  0.000000000000000  0.000000000000000 -.2836953449936175E-009 -.1218226491905838E-008 0.3395053885524302E-005
 50.00000000000000  450.0000000000000 -319.0000000000000  0.000000000000000  0.000000000000000 -.2977659230296581E-009 -.1260401283342816E-008 0.3395255108396000E-005
 50.00000000000000  500.0000000000000 -319.0000000000000  0.000000000000000  0.000000000000000 -.3118354185982497E-009 -.1302579016870808E-008 0.3395455941829217E-005
 50.00000000000000  550.0000000000000 -319.0000000000000  0.000000000000000  0.000000000000000 -.3259038316993923E-009 -.1344759664734241E-008 0.3395656590715612E-005
 50.00000000000000  600.0000000000000 -319.0000000000000  0.000000000000000  0.000000000000000 -.3399711623330859E-009 -.1386943199177537E-008 0.3395857046895046E-005
 50.00000000000000  650.0000000000000 -319.0000000000000  0.000000000000000  0.000000000000000 -.3540374104993305E-009 -.1429129647956273E-008 0.3396057122961871E-005
 50.00000000000000  700.0000000000000 -319.0000000000000  0.000000000000000  0.000000000000000 -.3681026039537016E-009 -.1471319011070449E-008 0.3396256986004653E-005
 100.0000000000000  0.000000000000000 -319.0000000000000  0.000000000000000  0.000000000000000 -.1870029409101193E-009 -.9245575138816520E-009 0.3393382549593538E-005
 100.0000000000000  50.00000000000000 -319.0000000000000  0.000000000000000  0.000000000000000 -.2010814847963616E-009 -.9667111000588591E-009 0.3393585565308888E-005
 100.0000000000000  100.0000000000000 -319.0000000000000  0.000000000000000  0.000000000000000 -.2151589462151549E-009 -.1008867572815930E-008 0.3393788174627099E-005
 100.0000000000000  150.0000000000000 -319.0000000000000  0.000000000000000  0.000000000000000 -.2292353251664991E-009 -.1051026932152865E-008 0.3393990957389903E-005
 100.0000000000000  200.0000000000000 -319.0000000000000  0.000000000000000  0.000000000000000 -.2433106494059700E-009 -.1093189205825240E-008 0.3394193277522772E-005
 100.0000000000000  250.0000000000000 -319.0000000000000  0.000000000000000  0.000000000000000 -.2573848911779919E-009 -.1135354421588630E-008 0.3394395274802786E-005
 100.0000000000000  300.0000000000000 -319.0000000000000  0.000000000000000  0.000000000000000 -.2714580504825648E-009 -.1177522523931884E-008 0.3394596994277244E-005
 100.0000000000000  350.0000000000000 -319.0000000000000  0.000000000000000  0.000000000000000 -.2855301273196886E-009 -.1219693512855002E-008 0.3394798460037984E-005
 100.0000000000000  400.0000000000000 -319.0000000000000  0.000000000000000  0.000000000000000 -.2996011494449391E-009 -.1261867443869136E-008 0.3394999729178227E-005
 100.0000000000000  450.0000000000000 -319.0000000000000  0.000000000000000  0.000000000000000 -.3136710613471649E-009 -.1304044261463133E-008 0.3395200805694776E-005
 100.0000000000000  500.0000000000000 -319.0000000000000  0.000000000000000  0.000000000000000 -.3277399185375174E-009 -.1346223993392570E-008 0.3395401481504079E-005
 100.0000000000000  550.0000000000000 -319.0000000000000  0.000000000000000  0.000000000000000 -.3418076932604208E-009 -.1388406611901871E-008 0.3395602025196842E-005
 100.0000000000000  600.0000000000000 -319.0000000000000  0.000000000000000  0.000000000000000 -.3558744132714509E-009 -.1430592172502188E-008 0.3395802214284371E-005
 100.0000000000000  650.0000000000000 -319.0000000000000  0.000000000000000  0.000000000000000 -.3699400230594563E-009 -.1472780619682368E-008 0.3396002189043346E-005
 100.0000000000000  700.0000000000000 -319.0000000000000  0.000000000000000  0.000000000000000 -.3840045781355883E-009 -.1514971981197988E-008 0.3396201907840402E-005
 150.0000000000000  0.000000000000000 -319.0000000000000  0.000000000000000  0.000000000000000 -.2029137413650517E-009 -.9681824786333948E-009 0.3393329564921332E-005
 150.0000000000000  50.00000000000000 -319.0000000000000  0.000000000000000  0.000000000000000 -.2169916468730548E-009 -.1010338035456471E-008 0.3393532416240408E-005
 150.0000000000000  100.0000000000000 -319.0000000000000  0.000000000000000  0.000000000000000 -.2310684976691846E-009 -.1052496534370562E-008 0.3393735049511681E-005
 150.0000000000000  150.0000000000000 -319.0000000000000  0.000000000000000  0.000000000000000 -.2451442382422897E-009 -.1094657892108941E-008 0.3393937610368658E-005
 150.0000000000000  200.0000000000000 -319.0000000000000  0.000000000000000  0.000000000000000 -.2592189241035214E-009 -.1136822191938336E-008 0.3394139594964374E-005
 150.0000000000000  250.0000000000000 -319.0000000000000  0.000000000000000  0.000000000000000 -.2732925274973041E-009 -.1178989378347595E-008 0.3394341478668572E-005
 150.0000000000000  300.0000000000000 -319.0000000000000  0.000000000000000  0.000000000000000 -.2873650484236379E-009 -.1221159479092293E-008 0.3394543213797174E-005
 150.0000000000000  350.0000000000000 -319.0000000000000  0.000000000000000  0.000000000000000 -.3014365146380982E-009 -.1263332494172431E-008 0.3394744511442394E-005
 150.0000000000000  400.0000000000000 -319.0000000000000  0.000000000000000  0.000000000000000 -.3155068706295339E-009 -.1305508395832433E-008 0.3394945569085150E-005
 150.0000000000000  450.0000000000000 -319.0000000000000  0.000000000000000  0.000000000000000 -.3295761719090962E-009 -.1347687239583450E-008 0.3395146504853175E-005
 150.0000000000000  500.0000000000000 -319.0000000000000  0.000000000000000  0.000000000000000 -.3436443907212094E-009 -.1389868969914332E-008 0.3395347022094874E-005
 150.0000000000000  550.0000000000000 -319.0000000000000  0.000000000000000  0.000000000000000 -.3577115548214493E-009 -.1432053586825077E-008 0.3395547417017752E-005
 150.0000000000000  600.0000000000000 -319.0000000000000  0.000000000000000  0.000000000000000 -.3717776086986646E-009 -.1474241118071262E-008 0.3395747437018315E-005
 150.0000000000000  650.0000000000000 -319.0000000000000  0.000000000000000  0.000000000000000 -.3858426078640065E-009 -.1516431591408463E-008 0.3395947268197697E-005
 150.0000000000000  700.0000000000000 -319.0000000000000  0.000000000000000  0.000000000000000 -.3999065245618993E-009 -.1558624951325527E-008 0.3396146826872837E-005
 200.0000000000000  0.000000000000000 -319.0000000000000  0.000000000000000  0.000000000000000 -.2188245418199841E-009 -.1011807443385138E-008 0.3393276593294248E-005
 200.0000000000000  50.00000000000000 -319.0000000000000  0.000000000000000  0.000000000000000 -.2329018089497481E-009 -.1053964998609658E-008 0.3393479390406684E-005
 200.0000000000000  100.0000000000000 -319.0000000000000  0.000000000000000  0.000000000000000 -.2469779936120631E-009 -.1096125468169618E-008 0.3393681821228789E-005
 200.0000000000000  150.0000000000000 -319.0000000000000  0.000000000000000  0.000000000000000 -.2610531235625047E-009 -.1138288879820593E-008 0.3393884136365655E-005
 200.0000000000000  200.0000000000000 -319.0000000000000  0.000000000000000  0.000000000000000 -.2751271710454972E-009 -.1180455150295856E-008 0.3394086018543296E-005
 200.0000000000000  250.0000000000000 -319.0000000000000  0.000000000000000  0.000000000000000 -.2892001360610408E-009 -.1222624335106559E-008 0.3394287843627719E-005
 200.0000000000000  300.0000000000000 -319.0000000000000  0.000000000000000  0.000000000000000 -.3032720463647109E-009 -.1264796434252702E-008 0.3394489302255277E-005
 200.0000000000000  350.0000000000000 -319.0000000000000  0.000000000000000  0.000000000000000 -.3173428464453565E-009 -.1306971447734284E-008 0.3394690511998588E-005
 200.0000000000000  400.0000000000000 -319.0000000000000  0.000000000000000  0.000000000000000 -.3314125918141286E-009 -.1349149375551306E-008 0.3394891415292589E-005
 200.0000000000000  450.0000000000000 -319.0000000000000  0.000000000000000  0.000000000000000 -.3454812547154518E-009 -.1391330189948192E-008 0.3395092197211458E-005
 200.0000000000000  500.0000000000000 -319.0000000000000  0.000000000000000  0.000000000000000 -.3595488351493259E-009 -.1433513918680518E-008 0.3395292554775331E-005
 200.0000000000000  550.0000000000000 -319.0000000000000  0.000000000000000  0.000000000000000 -.3736153608713266E-009 -.1475700561748283E-008 0.3395492822910740E-005
 200.0000000000000  600.0000000000000 -319.0000000000000  0.000000000000000  0.000000000000000 -.3876807763703027E-009 -.1517890091395913E-008 0.3395692673296979E-005
 200.0000000000000  650.0000000000000 -319.0000000000000  0.000000000000000  0.000000000000000 -.4017451371574055E-009 -.1560082535378982E-008 0.3395892338303730E-005
 200.0000000000000  700.0000000000000 -319.0000000000000  0.000000000000000  0.000000000000000 -.4158084154770592E-009 -.1602277921453066E-008 0.3396091748514296E-005
 250.0000000000000  0.000000000000000 -319.0000000000000  0.000000000000000  0.000000000000000 -.2347352867637653E-009 -.1055432408136880E-008 0.3393223736769535E-005
 250.0000000000000  50.00000000000000 -319.0000000000000  0.000000000000000  0.000000000000000 -.2488119155152901E-009 -.1097591961762845E-008 0.3393426316805614E-005
 250.0000000000000  100.0000000000000 -319.0000000000000  0.000000000000000  0.000000000000000 -.2628874895549416E-009 -.1139754429724249E-008 0.3393628498299384E-005
 250.0000000000000  150.0000000000000 -319.0000000000000  0.000000000000000  0.000000000000000 -.2769619811271440E-009 -.1181919812021093E-008 0.3393830617454130E-005
 250.0000000000000  200.0000000000000 -319.0000000000000  0.000000000000000  0.000000000000000 -.2910353902318974E-009 -.1224088108653376E-008 0.3394032403958303E-005
 250.0000000000000  250.0000000000000 -319.0000000000000  0.000000000000000  0.000000000000000 -.3051077168692018E-009 -.1266259291865524E-008 0.3394234112913397E-005
 250.0000000000000  300.0000000000000 -319.0000000000000  0.000000000000000  0.000000000000000 -.3191789887946328E-009 -.1308433389413111E-008 0.3394435443837551E-005
 250.0000000000000  350.0000000000000 -319.0000000000000  0.000000000000000  0.000000000000000 -.3332491504970392E-009 -.1350610401296137E-008 0.3394636509501670E-005
 250.0000000000000  400.0000000000000 -319.0000000000000  0.000000000000000  0.000000000000000 -.3473182574875722E-009 -.1392790327514604E-008 0.3394837256170957E-005
 250.0000000000000  450.0000000000000 -319.0000000000000  0.000000000000000  0.000000000000000 -.3613862820106561E-009 -.1434973140312934E-008 0.3395037864756256E-005
 250.0000000000000  500.0000000000000 -319.0000000000000  0.000000000000000  0.000000000000000 -.3754532518218667E-009 -.1477158867446704E-008 0.3395238152403834E-005
 250.0000000000000  550.0000000000000 -319.0000000000000  0.000000000000000  0.000000000000000 -.3895191114100527E-009 -.1519347508915914E-008 0.3395438127412609E-005
 250.0000000000000  600.0000000000000 -319.0000000000000  0.000000000000000  0.000000000000000 -.4035839162863653E-009 -.1561539064720563E-008 0.3395637899944459E-005
 250.0000000000000  650.0000000000000 -319.0000000000000  0.000000000000000  0.000000000000000 -.4176476386952288E-009 -.1603733507105076E-008 0.3395837409991831E-005
 250.0000000000000  700.0000000000000 -319.0000000000000  0.000000000000000  0.000000000000000 -.4317102786366434E-009 -.1645930863825029E-008 0.3396036665770374E-005
 300.0000000000000  0.000000000000000 -319.0000000000000  0.000000000000000  0.000000000000000 -.2506460039519709E-009 -.1099057345133048E-008 0.3393170840609860E-005
 300.0000000000000  50.00000000000000 -319.0000000000000  0.000000000000000  0.000000000000000 -.2647220220808322E-009 -.1141218924916032E-008 0.3393373162768887E-005
 300.0000000000000  100.0000000000000 -319.0000000000000  0.000000000000000  0.000000000000000 -.2787969577422444E-009 -.1183383391278880E-008 0.3393575488452871E-005
 300.0000000000000  150.0000000000000 -319.0000000000000  0.000000000000000  0.000000000000000 -.2928707831806321E-009 -.1225550771977169E-008 0.3393777422255884E-005
 300.0000000000000  200.0000000000000 -319.0000000000000  0.000000000000000  0.000000000000000 -.3069435539071463E-009 -.1267721039255321E-008 0.3393979031041106E-005
 300.0000000000000  250.0000000000000 -319.0000000000000  0.000000000000000  0.000000000000000 -.3210152699217872E-009 -.1309894276380064E-008 0.3394180458943241E-005
 300.0000000000000  300.0000000000000 -319.0000000000000  0.000000000000000  0.000000000000000 -.3350858757134034E-009 -.1352070372329095E-008 0.3394381578175620E-005
 300.0000000000000  350.0000000000000 -319.0000000000000  0.000000000000000  0.000000000000000 -.3491554267931463E-009 -.1394249354857990E-008 0.3394582543919666E-005
 300.0000000000000  400.0000000000000 -319.0000000000000  0.000000000000000  0.000000000000000 -.3632238954054401E-009 -.1436431279477901E-008 0.3394783144455849E-005
 300.0000000000000  450.0000000000000 -319.0000000000000  0.000000000000000  0.000000000000000 -.3772912815502849E-009 -.1478616118433251E-008 0.3394983585480738E-005
 300.0000000000000  500.0000000000000 -319.0000000000000  0.000000000000000  0.000000000000000 -.3913576129832563E-009 -.1520803843968466E-008 0.3395183735294127E-005
 300.0000000000000  550.0000000000000 -319.0000000000000  0.000000000000000  0.000000000000000 -.4054228619487787E-009 -.1562994456083544E-008 0.3395383541160424E-005
 300.0000000000000  600.0000000000000 -319.0000000000000  0.000000000000000  0.000000000000000 -.4194870284468522E-009 -.1605188010289638E-008 0.3395583153431581E-005
 300.0000000000000  650.0000000000000 -319.0000000000000  0.000000000000000  0.000000000000000 -.4335501124774765E-009 -.1647384478831171E-008 0.3395782514598045E-005
 300.0000000000000  700.0000000000000 -319.0000000000000  0.000000000000000  0.000000000000000 -.4476121140406519E-009 -.1689583806196993E-008 0.3395981615861299E-005
 350.0000000000000  0.000000000000000 -319.0000000000000  0.000000000000000  0.000000000000000 -.2665566933846009E-009 -.1142682309884790E-008 0.3393117844002758E-005
 350.0000000000000  50.00000000000000 -319.0000000000000  0.000000000000000  0.000000000000000 -.2806320731352230E-009 -.1184845860313644E-008 0.3393320172545566E-005
 350.0000000000000  100.0000000000000 -319.0000000000000  0.000000000000000  0.000000000000000 -.2947063704183961E-009 -.1227012352833512E-008 0.3393522198025245E-005
 350.0000000000000  150.0000000000000 -319.0000000000000  0.000000000000000  0.000000000000000 -.3087795852341202E-009 -.1269181731933244E-008 0.3393723967071161E-005
 350.0000000000000  200.0000000000000 -319.0000000000000  0.000000000000000  0.000000000000000 -.3228517175823953E-009 -.1311354025368416E-008 0.3393925513045515E-005
 350.0000000000000  250.0000000000000 -319.0000000000000  0.000000000000000  0.000000000000000 -.3369227952187970E-009 -.1353529205383452E-008 0.3394126724676205E-005
 350.0000000000000  300.0000000000000 -319.0000000000000  0.000000000000000  0.000000000000000 -.3509927903877497E-009 -.1395707327489504E-008 0.3394327832084709E-005
 350.0000000000000  350.0000000000000 -319.0000000000000  0.000000000000000  0.000000000000000 -.3650617030892533E-009 -.1437888336175419E-008 0.3394528546862841E-005
 350.0000000000000  400.0000000000000 -319.0000000000000  0.000000000000000  0.000000000000000 -.3791295333233080E-009 -.1480072231441198E-008 0.3394729049005507E-005
 350.0000000000000  450.0000000000000 -319.0000000000000  0.000000000000000  0.000000000000000 -.3931962533343381E-009 -.1522259041042417E-008 0.3394929259159518E-005
 350.0000000000000  500.0000000000000 -319.0000000000000  0.000000000000000  0.000000000000000 -.4072619463890703E-009 -.1564448792734652E-008 0.3395129226424487E-005
 350.0000000000000  550.0000000000000 -319.0000000000000  0.000000000000000  0.000000000000000 -.4213265569763536E-009 -.1606641431006750E-008 0.3395328946997900E-005
 350.0000000000000  600.0000000000000 -319.0000000000000  0.000000000000000  0.000000000000000 -.4353900850961878E-009 -.1648836955858712E-008 0.3395528404920301E-005
 350.0000000000000  650.0000000000000 -319.0000000000000  0.000000000000000  0.000000000000000 -.4494525307485731E-009 -.1691035395046114E-008 0.3395727611293919E-005
 350.0000000000000  700.0000000000000 -319.0000000000000  0.000000000000000  0.000000000000000 -.4635138939335093E-009 -.1733236776324532E-008 0.3395926558152906E-005
 400.0000000000000  0.000000000000000 -319.0000000000000  0.000000000000000  0.000000000000000 -.2824673273060796E-009 -.1186307274636533E-008 0.3393064976958682E-005
 400.0000000000000  50.00000000000000 -319.0000000000000  0.000000000000000  0.000000000000000 -.2965420686784626E-009 -.1228472823466831E-008 0.3393267122175914E-005
 400.0000000000000  100.0000000000000 -319.0000000000000  0.000000000000000  0.000000000000000 -.3106157275833965E-009 -.1270641286632568E-008 0.3393468994694615E-005
 400.0000000000000  150.0000000000000 -319.0000000000000  0.000000000000000  0.000000000000000 -.3246883040208814E-009 -.1312812691889320E-008 0.3393670647666713E-005
 400.0000000000000  200.0000000000000 -319.0000000000000  0.000000000000000  0.000000000000000 -.3387598257464930E-009 -.1354986983725937E-008 0.3393871976425933E-005
 400.0000000000000  250.0000000000000 -319.0000000000000  0.000000000000000  0.000000000000000 -.3528302650046555E-009 -.1397164162142417E-008 0.3394073069373782E-005
 400.0000000000000  300.0000000000000 -319.0000000000000  0.000000000000000  0.000000000000000 -.3668996217953691E-009 -.1439344254894337E-008 0.3394273971113471E-005
 400.0000000000000  350.0000000000000 -319.0000000000000  0.000000000000000  0.000000000000000 -.3809678961186336E-009 -.1481527289737272E-008 0.3394474650780799E-005
 400.0000000000000  400.0000000000000 -319.0000000000000  0.000000000000000  0.000000000000000 -.3950350879744491E-009 -.1523713183404496E-008 0.3394674910478512E-005
 400.0000000000000  450.0000000000000 -319.0000000000000  0.000000000000000  0.000000000000000 -.4091012251183912E-009 -.1565902019162735E-008 0.3394874979967266E-005
 400.0000000000000  500.0000000000000 -319.0000000000000  0.000000000000000  0.000000000000000 -.4231662520393087E-009 -.1608093741500838E-008 0.3395074801904041E-005
 400.0000000000000  550.0000000000000 -319.0000000000000  0.000000000000000  0.000000000000000 -.4372302242483528E-009 -.1650288378174380E-008 0.3395274349282662E-005
 400.0000000000000  600.0000000000000 -319.0000000000000  0.000000000000000  0.000000000000000 -.4512931417455235E-009 -.1692485929183363E-008 0.3395473647777036E-005
 400.0000000000000  650.0000000000000 -319.0000000000000  0.000000000000000  0.000000000000000 -.4653549490196696E-009 -.1734686366772209E-008 0.3395672699718633E-005
 400.0000000000000  700.0000000000000 -319.0000000000000  0.000000000000000  0.000000000000000 -.4794157015819422E-009 -.1776889718696495E-008 0.3395871492117841E-005
 450.0000000000000  0.000000000000000 -319.0000000000000  0.000000000000000  0.000000000000000 -.2983779334719827E-009 -.1229932239388276E-008 0.3393012195318512E-005
 450.0000000000000  50.00000000000000 -319.0000000000000  0.000000000000000  0.000000000000000 -.3124520364661265E-009 -.1272099786620018E-008 0.3393214096869546E-005
 450.0000000000000  100.0000000000000 -319.0000000000000  0.000000000000000  0.000000000000000 -.3265250569928213E-009 -.1314270248187199E-008 0.3393415719560311E-005
 450.0000000000000  150.0000000000000 -319.0000000000000  0.000000000000000  0.000000000000000 -.3405970228076427E-009 -.1356443624089820E-008 0.3393617202890331E-005
 450.0000000000000  200.0000000000000 -319.0000000000000  0.000000000000000  0.000000000000000 -.3546678783994395E-009 -.1398619942083457E-008 0.3393818357039224E-005
 450.0000000000000  250.0000000000000 -319.0000000000000  0.000000000000000  0.000000000000000 -.3687376792793629E-009 -.1440799118901381E-008 0.3394019346014687E-005
 450.0000000000000  300.0000000000000 -319.0000000000000  0.000000000000000  0.000000000000000 -.3828063976918372E-009 -.1482981210054746E-008 0.3394220144253834E-005
 450.0000000000000  350.0000000000000 -319.0000000000000  0.000000000000000  0.000000000000000 -.3968740613924382E-009 -.1525166215543550E-008 0.3394420600322245E-005
 450.0000000000000  400.0000000000000 -319.0000000000000  0.000000000000000  0.000000000000000 -.4109406148700145E-009 -.1567354163123369E-008 0.3394620822494421E-005
 450.0000000000000  450.0000000000000 -319.0000000000000  0.000000000000000  0.000000000000000 -.4250061136357175E-009 -.1609544969527477E-008 0.3394820759672346E-005
 450.0000000000000  500.0000000000000 -319.0000000000000  0.000000000000000  0.000000000000000 -.4390705299339714E-009 -.1651738690267024E-008 0.3395020299390428E-005
 450.0000000000000  550.0000000000000 -319.0000000000000  0.000000000000000  0.000000000000000 -.4531338637647764E-009 -.1693935325342011E-008 0.3395219738216992E-005
 450.0000000000000  600.0000000000000 -319.0000000000000  0.000000000000000  0.000000000000000 -.4671961151281323E-009 -.1736134874752437E-008 0.3395418887885970E-005
 450.0000000000000  650.0000000000000 -319.0000000000000  0.000000000000000  0.000000000000000 -.4812573117796148E-009 -.1778337338498304E-008 0.3395617785367788E-005
 450.0000000000000  700.0000000000000 -319.0000000000000  0.000000000000000  0.000000000000000 -.4953174259636484E-009 -.1820542688824034E-008 0.3395816423307219E-005
 500.0000000000000  0.000000000000000 -319.0000000000000  0.000000000000000  0.000000000000000 -.3142884841267346E-009 -.1273557176384443E-008 0.3392959249476357E-005
 500.0000000000000  50.00000000000000 -319.0000000000000  0.000000000000000  0.000000000000000 -.3283619764982149E-009 -.1315726749773205E-008 0.3393160940223794E-005
 500.0000000000000  100.0000000000000 -319.0000000000000  0.000000000000000  0.000000000000000 -.3424343586466705E-009 -.1357899209741831E-008 0.3393362518783194E-005
 500.0000000000000  150.0000000000000 -319.0000000000000  0.000000000000000  0.000000000000000 -.3565056860832527E-009 -.1400074584045896E-008 0.3393563842379876E-005
 500.0000000000000  200.0000000000000 -319.0000000000000  0.000000000000000  0.000000000000000 -.3705759032968103E-009 -.1442252872685401E-008 0.3393764905990082E-005
 500.0000000000000  250.0000000000000 -319.0000000000000  0.000000000000000  0.000000000000000 -.3846450657984946E-009 -.1484434075660346E-008 0.3393965720605019E-005
 500.0000000000000  300.0000000000000 -319.0000000000000  0.000000000000000  0.000000000000000 -.3987131735883054E-009 -.1526618165215154E-008 0.3394166252113084E-005
 500.0000000000000  350.0000000000000 -319.0000000000000  0.000000000000000  0.000000000000000 -.4127801711550916E-009 -.1568805169105403E-008 0.3394366528547410E-005
 500.0000000000000  400.0000000000000 -319.0000000000000  0.000000000000000  0.000000000000000 -.4268461140100044E-009 -.1610995087331091E-008 0.3394566708808666E-005
 500.0000000000000  450.0000000000000 -319.0000000000000  0.000000000000000  0.000000000000000 -.4409109743974682E-009 -.1653187919892218E-008 0.3394766411063399E-005
 500.0000000000000  500.0000000000000 -319.0000000000000  0.000000000000000  0.000000000000000 -.4549747523174830E-009 -.1695383639033210E-008 0.3394965886027723E-005
 500.0000000000000  550.0000000000000 -319.0000000000000  0.000000000000000  0.000000000000000 -.4690374477700487E-009 -.1737582272509641E-008 0.3395165122821453E-005
 500.0000000000000  600.0000000000000 -319.0000000000000  0.000000000000000  0.000000000000000 -.4830990607551655E-009 -.1779783820321512E-008 0.3395364140873491E-005
 500.0000000000000  650.0000000000000 -319.0000000000000  0.000000000000000  0.000000000000000 -.4971596190284089E-009 -.1821988282468823E-008 0.3395562877983593E-005
 500.0000000000000  700.0000000000000 -319.0000000000000  0.000000000000000  0.000000000000000 -.5112190948342032E-009 -.1864195631195997E-008 0.3395761366931094E-005
 550.0000000000000  0.000000000000000 -319.0000000000000  0.000000000000000  0.000000000000000 -.3301990347814865E-009 -.1317182113380611E-008 0.3392906288063324E-005
 550.0000000000000  50.00000000000000 -319.0000000000000  0.000000000000000  0.000000000000000 -.3442718610191520E-009 -.1359353685170817E-008 0.3393107958132857E-005
 550.0000000000000  100.0000000000000 -319.0000000000000  0.000000000000000  0.000000000000000 -.3583436047893684E-009 -.1401528171296462E-008 0.3393309390226085E-005
 550.0000000000000  150.0000000000000 -319.0000000000000  0.000000000000000  0.000000000000000 -.3724142938477115E-009 -.1443705544001972E-008 0.3393510559501767E-005
 550.0000000000000  200.0000000000000 -319.0000000000000  0.000000000000000  0.000000000000000 -.3864839004386056E-009 -.1485885831042921E-008 0.3393711391103116E-005
 550.0000000000000  250.0000000000000 -319.0000000000000  0.000000000000000  0.000000000000000 -.4005524245620506E-009 -.1528069004663735E-008 0.3393912047011671E-005
 550.0000000000000  300.0000000000000 -319.0000000000000  0.000000000000000  0.000000000000000 -.4146198939736223E-009 -.1570255120375563E-008 0.3394112483068312E-005
 550.0000000000000  350.0000000000000 -319.0000000000000  0.000000000000000  0.000000000000000 -.4286862531621694E-009 -.1612444122667256E-008 0.3394312616145090E-005
 550.0000000000000  400.0000000000000 -319.0000000000000  0.000000000000000  0.000000000000000 -.4427515576388430E-009 -.1654636039294388E-008 0.3394512485099810E-005
 550.0000000000000  450.0000000000000 -319.0000000000000  0.000000000000000  0.000000000000000 -.4568157796480676E-009 -.1696830870256960E-008 0.3394712102366970E-005
 550.0000000000000  500.0000000000000 -319.0000000000000  0.000000000000000  0.000000000000000 -.4708789191898433E-009 -.1739028615554972E-008 0.3394911556570124E-005
 550.0000000000000  550.0000000000000 -319.0000000000000  0.000000000000000  0.000000000000000 -.4849410040197455E-009 -.1781229247432847E-008 0.3395110550086233E-005
 550.0000000000000  600.0000000000000 -319.0000000000000  0.000000000000000  0.000000000000000 -.4990019786266231E-009 -.1823432765890587E-008 0.3395309384035539E-005
 550.0000000000000  650.0000000000000 -319.0000000000000  0.000000000000000  0.000000000000000 -.5130618985216273E-009 -.1865639226439342E-008 0.3395507966824640E-005
 550.0000000000000  700.0000000000000 -319.0000000000000  0.000000000000000  0.000000000000000 -.5271207359491825E-009 -.1907848601323536E-008 0.3395706301034807E-005
 600.0000000000000  0.000000000000000 -319.0000000000000  0.000000000000000  0.000000000000000 -.3461095021695115E-009 -.1360807078132353E-008 0.3392853406558594E-005
 600.0000000000000  50.00000000000000 -319.0000000000000  0.000000000000000  0.000000000000000 -.3601817177845135E-009 -.1402980648324004E-008 0.3393054905903581E-005
 600.0000000000000  100.0000000000000 -319.0000000000000  0.000000000000000  0.000000000000000 -.3742528509320664E-009 -.1445157105095518E-008 0.3393256174266668E-005
 600.0000000000000  150.0000000000000 -319.0000000000000  0.000000000000000  0.000000000000000 -.3883229016121703E-009 -.1487336503958048E-008 0.3393457200517869E-005
 600.0000000000000  200.0000000000000 -319.0000000000000  0.000000000000000  0.000000000000000 -.4023918698248252E-009 -.1529518789400441E-008 0.3393657870665034E-005
 600.0000000000000  250.0000000000000 -319.0000000000000  0.000000000000000  0.000000000000000 -.4164597555700311E-009 -.1571703961422699E-008 0.3393858382022552E-005
 600.0000000000000  300.0000000000000 -319.0000000000000  0.000000000000000  0.000000000000000 -.4305265588477880E-009 -.1613892047780396E-008 0.3394058660538546E-005
 600.0000000000000  350.0000000000000 -319.0000000000000  0.000000000000000  0.000000000000000 -.4445923074136715E-009 -.1656083076229109E-008 0.3394258637906544E-005
 600.0000000000000  400.0000000000000 -319.0000000000000  0.000000000000000  0.000000000000000 -.4586569735121060E-009 -.1698276991257686E-008 0.3394458440331150E-005
 600.0000000000000  450.0000000000000 -319.0000000000000  0.000000000000000  0.000000000000000 -.4727205571430915E-009 -.1740473820621702E-008 0.3394657724892225E-005
 600.0000000000000  500.0000000000000 -319.0000000000000  0.000000000000000  0.000000000000000 -.4867830860622036E-009 -.1782673536565582E-008 0.3394857017419151E-005
 600.0000000000000  550.0000000000000 -319.0000000000000  0.000000000000000  0.000000000000000 -.5008445047582910E-009 -.1824876194600478E-008 0.3395056034249944E-005
 600.0000000000000  600.0000000000000 -319.0000000000000  0.000000000000000  0.000000000000000 -.5149048687425051E-009 -.1867081739215237E-008 0.3395254638410838E-005
 600.0000000000000  650.0000000000000 -319.0000000000000  0.000000000000000  0.000000000000000 -.5289641502592701E-009 -.1909290170409861E-008 0.3395453063465004E-005
 600.0000000000000  700.0000000000000 -319.0000000000000  0.000000000000000  0.000000000000000 -.5430223493085862E-009 -.1951501515939924E-008 0.3395651243132125E-005
 650.0000000000000  0.000000000000000 -319.0000000000000  0.000000000000000  0.000000000000000 -.3620199695575366E-009 -.1404432015128521E-008 0.3392800498630555E-005
 650.0000000000000  50.00000000000000 -319.0000000000000  0.000000000000000  0.000000000000000 -.3760915467942993E-009 -.1446607583721615E-008 0.3393001863444267E-005
 650.0000000000000  100.0000000000000 -319.0000000000000  0.000000000000000  0.000000000000000 -.3901620138080375E-009 -.1488786066650150E-008 0.3393202971824216E-005
 650.0000000000000  150.0000000000000 -319.0000000000000  0.000000000000000  0.000000000000000 -.4042314538654779E-009 -.1530967436158548E-008 0.3393403847667953E-005
 650.0000000000000  200.0000000000000 -319.0000000000000  0.000000000000000  0.000000000000000 -.4182997836998936E-009 -.1573151720002386E-008 0.3393604360801827E-005
 650.0000000000000  250.0000000000000 -319.0000000000000  0.000000000000000  0.000000000000000 -.4323670310668604E-009 -.1615338918181664E-008 0.3393804721030236E-005
 650.0000000000000  300.0000000000000 -319.0000000000000  0.000000000000000  0.000000000000000 -.4464332237219537E-009 -.1657529002940805E-008 0.3394004839618603E-005
 650.0000000000000  350.0000000000000 -319.0000000000000  0.000000000000000  0.000000000000000 -.4604983339095980E-009 -.1699722002035386E-008 0.3394204667078737E-005
 650.0000000000000  400.0000000000000 -319.0000000000000  0.000000000000000  0.000000000000000 -.4745623616297934E-009 -.1741917943220983E-008 0.3394404236911619E-005
 650.0000000000000  450.0000000000000 -319.0000000000000  0.000000000000000  0.000000000000000 -.4886253068825397E-009 -.1784116770986444E-008 0.3394603520279205E-005
 650.0000000000000  500.0000000000000 -319.0000000000000  0.000000000000000  0.000000000000000 -.5026871974234126E-009 -.1826318485331768E-008 0.3394802496753391E-005
 650.0000000000000  550.0000000000000 -319.0000000000000  0.000000000000000  0.000000000000000 -.5167479777412609E-009 -.1868523114012532E-008 0.3395001276829124E-005
 650.0000000000000  600.0000000000000 -319.0000000000000  0.000000000000000  0.000000000000000 -.5308077033472358E-009 -.1910730684784312E-008 0.3395200014660871E-005
 650.0000000000000  650.0000000000000 -319.0000000000000  0.000000000000000  0.000000000000000 -.5448663742413373E-009 -.1952941142135955E-008 0.3395398167654884E-005
 650.0000000000000  700.0000000000000 -319.0000000000000  0.000000000000000  0.000000000000000 -.5589239349124142E-009 -.1995154486067463E-008 0.3395596187394379E-005
 700.0000000000000  0.000000000000000 -319.0000000000000  0.000000000000000  0.000000000000000 -.3779304091899860E-009 -.1448056952124688E-008 0.3392747622538161E-005
 700.0000000000000  50.00000000000000 -319.0000000000000  0.000000000000000  0.000000000000000 -.3920013480485096E-009 -.1490234519119227E-008 0.3392948811187235E-005
 700.0000000000000  100.0000000000000 -319.0000000000000  0.000000000000000  0.000000000000000 -.4060711766840086E-009 -.1532415000449205E-008 0.3393149774849613E-005
 700.0000000000000  150.0000000000000 -319.0000000000000  0.000000000000000  0.000000000000000 -.4201399506076342E-009 -.1574598368359048E-008 0.3393350497260528E-005
 700.0000000000000  200.0000000000000 -319.0000000000000  0.000000000000000  0.000000000000000 -.4342076698193864E-009 -.1616784650604330E-008 0.3393550859098760E-005
 700.0000000000000  250.0000000000000 -319.0000000000000  0.000000000000000  0.000000000000000 -.4482742788081140E-009 -.1658973874940628E-008 0.3393751105751353E-005
 700.0000000000000  300.0000000000000 -319.0000000000000  0.000000000000000  0.000000000000000 -.4623398330849682E-009 -.1701165958101214E-008 0.3393951020308483E-005
 700.0000000000000  350.0000000000000 -319.0000000000000  0.000000000000000  0.000000000000000 -.4764043048943734E-009 -.1743360955597240E-008 0.3394150753149860E-005
 700.0000000000000  400.0000000000000 -319.0000000000000  0.000000000000000  0.000000000000000 -.4904676942363295E-009 -.1785558867428705E-008 0.3394350110125233E-005
 700.0000000000000  450.0000000000000 -319.0000000000000  0.000000000000000  0.000000000000000 -.5045300288664123E-009 -.1827759721351185E-008 0.3394549234259081E-005
 700.0000000000000  500.0000000000000 -319.0000000000000  0.000000000000000  0.000000000000000 -.5185912532734704E-009 -.1869963434097954E-008 0.3394748130658432E-005
 700.0000000000000  550.0000000000000 -319.0000000000000  0.000000000000000  0.000000000000000 -.5326514229686552E-009 -.1912170061180163E-008 0.3394946708340507E-005
 700.0000000000000  600.0000000000000 -319.0000000000000  0.000000000000000  0.000000000000000 -.5467105101963909E-009 -.1954379602597811E-008 0.3395145195400628E-005
 700.0000000000000  650.0000000000000 -319.0000000000000  0.000000000000000  0.000000000000000 -.5607685427122533E-009 -.1996592086106475E-008 0.3395343315726329E-005
 700.0000000000000  700.0000000000000 -319.0000000000000  0.000000000000000  0.000000000000000 -.5748254650050910E-009 -.2038807428439426E-008 0.3395541073092367E-005
