BETA     element
 2.396040000000000      0.000000000000000
 2.488568775300601      1.000000000000000
 5.326109344723294      2.000000000000000
 10.77003066886966      3.000000000000000
 11.11885072487937      4.000000000000000
 10.50475076054119      5.000000000000000
 9.212100944576097      6.000000000000000
 2.772110250848314      7.000000000000000
 1.932370683267529      8.000000000000000
 1.756296036111553      9.000000000000000
 1.811287328426130      10.00000000000000
 2.065806504059886      11.00000000000000
 6.191514396730803      12.00000000000000
 7.866772548904942      13.00000000000000
 8.363368975369021      14.00000000000000
 8.212567846842621      15.00000000000000
 7.636928292755268      16.00000000000000
 4.517363428911407      17.00000000000000
 4.012071008145011      18.00000000000000
 4.035517158704018      19.00000000000000
 4.517538713942175      20.00000000000000
 4.895532339587010      21.00000000000000
 13.80779542796972      22.00000000000000
 27.86113451255089      23.00000000000000
 28.76179862885748      24.00000000000000
 28.59045648380626      25.00000000000000
 28.42033337903313      26.00000000000000
 26.83845073047126      27.00000000000000
 9.751298328378985      28.00000000000000
 1.478292152994320      29.00000000000000
 1.258719118855036      30.00000000000000
0.9712577136506333      31.00000000000000
0.8877685511237832      32.00000000000000
 1.140994946748816      33.00000000000000
 6.631733739444801      34.00000000000000
 7.968200980388897      35.00000000000000
 8.793803103701306      36.00000000000000
 8.949055319867281      37.00000000000000
 8.533245114863600      38.00000000000000
 7.321008210137931      39.00000000000000
 7.206107375877751      40.00000000000000
 7.511993534869333      41.00000000000000
 8.669935800462428      42.00000000000000
 12.79973384308998      43.00000000000000
 36.81924636981541      44.00000000000000
 41.13520647207999      45.00000000000000
 42.85322084664354      46.00000000000000
 40.81557850540231      47.00000000000000
 15.44839536661825      48.00000000000000
 2.381046095156267      49.00000000000000
 1.688408478869296      50.00000000000000
