BETA     element
 12.06040000000000      0.000000000000000
 11.69072140046726      1.000000000000000
 6.703359413810866      2.000000000000000
 3.703265565112102      3.000000000000000
 3.630541795933893      4.000000000000000
 3.905006369706227      5.000000000000000
 4.516302494008545      6.000000000000000
 11.01297331817923      7.000000000000000
 13.25782035206609      8.000000000000000
 13.61219044534431      9.000000000000000
 12.57171952299113      10.00000000000000
 10.55406585093233      11.00000000000000
 1.615096178341509      12.00000000000000
0.8531494121631371      13.00000000000000
0.7387937133964170      14.00000000000000
0.7949625378249705      15.00000000000000
 1.061547272108074      16.00000000000000
 8.095993098273027      17.00000000000000
 11.30845141638279      18.00000000000000
 12.28622040586834      19.00000000000000
 12.01337333788700      20.00000000000000
 11.56786206953914      21.00000000000000
 5.713719305983624      22.00000000000000
 2.554671856409292      23.00000000000000
 2.450316498852143      24.00000000000000
 2.464567349410481      25.00000000000000
 2.487114734120419      26.00000000000000
 2.673599059001877      27.00000000000000
 6.826404755119647      28.00000000000000
 14.26045044302950      29.00000000000000
 14.82161309834703      30.00000000000000
 15.17516569692182      31.00000000000000
 13.97237218626976      32.00000000000000
 9.994736932458425      33.00000000000000
 1.126142783052178      34.00000000000000
0.7534231844157565      35.00000000000000
0.6357907765846434      36.00000000000000
0.6988797662661820      37.00000000000000
 1.385896224150371      38.00000000000000
 10.72951081141102      39.00000000000000
 12.89382785653937      40.00000000000000
 14.04746085684043      41.00000000000000
 13.76534937164506      42.00000000000000
 11.60889639460474      43.00000000000000
 5.176127092459547      44.00000000000000
 4.537312140216999      45.00000000000000
 4.264297420937673      46.00000000000000
 4.395680381476955      47.00000000000000
 8.208588543348618      48.00000000000000
 14.15362040827904      49.00000000000000
 14.56850829399513      50.00000000000000
