DISP     element
-.5000000000000000E-002      0.000000000000000
-.5078329147092141E-002      1.000000000000000
-.6362377476579848E-002      2.000000000000000
-.3388011864677438E-001      3.000000000000000
-.3965895085647722E-001      4.000000000000000
-.4368909207317517E-001      5.000000000000000
-.4755157424129069E-001      6.000000000000000
0.4159105672130884E-001      7.000000000000000
0.9364065847276218E-001      8.000000000000000
0.1194469671402422      9.000000000000000
0.1515530907114773      10.00000000000000
0.1962881085009060      11.00000000000000
0.6276876312890223      12.00000000000000
0.7654090218459081      13.00000000000000
0.8109926197666545      14.00000000000000
0.8243283368644452      15.00000000000000
0.8204901699020817      16.00000000000000
0.9023788717343308      17.00000000000000
0.9507149533900628      18.00000000000000
0.9972788640849766      19.00000000000000
 1.096080525530228      20.00000000000000
 1.159290175618901      21.00000000000000
 2.165516029957463      22.00000000000000
 3.144263842695008      23.00000000000000
 3.199745605588123      24.00000000000000
 3.192526738702233      25.00000000000000
 3.185307871816341      26.00000000000000
 3.100035897436539      27.00000000000000
 1.895140401032873      28.00000000000000
0.6629999280790571      29.00000000000000
0.5859902298864562      30.00000000000000
0.4462186140981862      31.00000000000000
0.3302729147735089      32.00000000000000
0.9141012779901601E-001      33.00000000000000
-.7335395656723670      34.00000000000000
-.8326940785847038      35.00000000000000
-.8949266511968356      36.00000000000000
-.9215446264685151      37.00000000000000
-.9402926669726801      38.00000000000000
-.8899451999302721      39.00000000000000
-.8653792251951044      40.00000000000000
-.8684492037923550      41.00000000000000
-.9174810822162169      42.00000000000000
-1.080994353919763      43.00000000000000
-1.599304328957910      44.00000000000000
-1.654137122622542      45.00000000000000
-1.660945814411248      46.00000000000000
-1.593974017193317      47.00000000000000
-.7760821964280503      48.00000000000000
0.1627252285166221E-001      49.00000000000000
0.1136996516547873      50.00000000000000
