DISP     element
 0.000000000000000      0.000000000000000
 0.000000000000000      1.000000000000000
 0.000000000000000      2.000000000000000
0.5802774787241948E-002      3.000000000000000
0.7433672425038396E-002      4.000000000000000
0.8957567169580597E-002      5.000000000000000
0.1098053291047929E-001      6.000000000000000
0.1386486888299828E-001      7.000000000000000
0.3998631012385118E-001      8.000000000000000
0.4444353028223864E-001      9.000000000000000
0.4688386233925203E-001      10.00000000000000
0.4664882738281823E-001      11.00000000000000
0.4476659129925545E-001      12.00000000000000
0.3684958924717327E-001      13.00000000000000
0.3650671399717915E-001      14.00000000000000
0.3724685746334004E-001      15.00000000000000
0.4006221018146208E-001      16.00000000000000
0.4493131248169411E-001      17.00000000000000
0.8485025786930774E-001      18.00000000000000
0.9120056630325099E-001      19.00000000000000
0.9388187490160280E-001      20.00000000000000
0.9120593563810254E-001      21.00000000000000
0.8486189663231539E-001      22.00000000000000
0.4498727440177750E-001      23.00000000000000
0.4012435990890600E-001      24.00000000000000
0.3731573465555957E-001      25.00000000000000
0.3658615614802684E-001      26.00000000000000
0.3694485723672208E-001      27.00000000000000
0.4497317999273088E-001      28.00000000000000
0.4687087745443768E-001      29.00000000000000
0.4711244071206998E-001      30.00000000000000
0.4466559342681633E-001      31.00000000000000
0.4019292715474019E-001      32.00000000000000
0.1396027312552067E-001      33.00000000000000
0.1106012638003011E-001      34.00000000000000
0.9026612060160706E-002      35.00000000000000
0.7496015573817163E-002      36.00000000000000
0.5858968660532957E-002      37.00000000000000
0.1214175367991722E-004      38.00000000000000
0.5909970028263201E-005      39.00000000000000
0.5565299218285170E-006      40.00000000000000
-.4570406068631700E-005      41.00000000000000
-.1086814207961306E-004      42.00000000000000
-.5561913875083576E-004      43.00000000000000
-.6191687476181712E-004      44.00000000000000
-.6892239558747210E-004      45.00000000000000
-.8019233521049857E-004      46.00000000000000
-.9720575011482425E-004      47.00000000000000
-.2181011437010295E-003      48.00000000000000
-.2351145586053552E-003      49.00000000000000
-.2413594362467719E-003      50.00000000000000
-.2327681939591704E-003      51.00000000000000
-.2128824791919158E-003      52.00000000000000
-.7157684907300202E-004      53.00000000000000
-.5169113430574739E-004      54.00000000000000
-.3721798371780107E-004      55.00000000000000
-.2504761248067173E-004      56.00000000000000
-.1094834722930134E-004      57.00000000000000
0.8923942997040411E-004      58.00000000000000
0.1033386952217745E-003      59.00000000000000
0.1113262508004433E-003      60.00000000000000
