  0.000000000000000     
  0.000000000000000     
  0.000000000000000     
  0.000000000000000     
 -12.03357778172757     
 -12.11076193394400     
  0.000000000000000     
  1.000000000000000     
  0.000000000000000     
  0.000000000000000     
 -12.03288917655496     
 -12.11020802247215     
  1.000000000000000     
  0.000000000000000     
  0.000000000000000     
  0.000000000000000     
 -12.03262936653580     
 -12.10999686227482     
  1.000000000000000     
  1.000000000000000     
  0.000000000000000     
  0.000000000000000     
 -12.03194076136309     
 -12.10944295080281     
  2.000000000000000     
  0.000000000000000     
  0.000000000000000     
  0.000000000000000     
 -12.03168095134397     
 -12.10923179060553     
  2.000000000000000     
  1.000000000000000     
  0.000000000000000     
  0.000000000000000     
 -12.03099234617130     
 -12.10867787913358     
