0.1635649186284960 0.1635649186284960 0.1635649188682115 0.1635649201980628 0.1635683114012990
0.1635649186284960 0.1635649186284960 0.1635649188497029 0.1635649200629112 0.1635683118079432
0.1635649186284960 0.1635649186284960 0.1635649188311971 0.1635649199277518 0.1635683122135327
0.1635649186284960 0.1635649186284960 0.1635649188126942 0.1635649197925844 0.1635683126181616
0.1635649186284960 0.1635649186284960 0.1635649187941941 0.1635649196574092 0.1635683130216765
0.1635649186284960 0.1635649186284960 0.1635649188531079 0.1635649200356778 0.1635683112955327
0.1635649186284960 0.1635649186284960 0.1635649188346006 0.1635649199005198 0.1635683117015118
0.1635649186284960 0.1635649186284960 0.1635649188160962 0.1635649197653539 0.1635683121064526
0.1635649186284960 0.1635649186284960 0.1635649187975945 0.1635649196301802 0.1635683125103383
0.1635649186284960 0.1635649186284960 0.1635649187790957 0.1635649194949986 0.1635683129134044
0.1635649186284960 0.1635649186284960 0.1635649188380044 0.1635649198732934 0.1635683111897635
0.1635649186284960 0.1635649186284960 0.1635649188194984 0.1635649197381290 0.1635683115952676
0.1635649186284960 0.1635649186284960 0.1635649188009952 0.1635649196029567 0.1635683119996156
0.1635649186284960 0.1635649186284960 0.1635649187824949 0.1635649194677766 0.1635683124028052
0.1635649186284960 0.1635649186284960 0.1635649187639974 0.1635649193325887 0.1635683128052024
0.1635649186284960 0.1635649186284960 0.1635649188229010 0.1635649197109095 0.1635683110841195
0.1635649186284960 0.1635649186284960 0.1635649188043963 0.1635649195757388 0.1635683114888067
0.1635649186284960 0.1635649186284960 0.1635649187858944 0.1635649194405601 0.1635683118924580
0.1635649186284960 0.1635649186284960 0.1635649187673954 0.1635649193053736 0.1635683122953860
0.1635649186284960 0.1635649186284960 0.1635649187488991 0.1635649191701792 0.1635683126969808
0.1635649186284960 0.1635649186284960 0.1635649188077977 0.1635649195485263 0.1635683109783166
0.1635649186284960 0.1635649186284960 0.1635649187892943 0.1635649194133491 0.1635683113823591
0.1635649186284960 0.1635649186284960 0.1635649187707937 0.1635649192781641 0.1635683117855100
0.1635649186284960 0.1635649186284960 0.1635649187522959 0.1635649191429712 0.1635683121876757
0.1635649186284960 0.1635649186284960 0.1635649187338010 0.1635649190077704 0.1635683125887561
0.1635649186284960 0.1635649186284960 0.1635649188658355 0.1635649201945088 0.1635683113995706
0.1635649186284960 0.1635649186284960 0.1635649188473270 0.1635649200593574 0.1635683118061593
0.1635649186284960 0.1635649186284960 0.1635649188288214 0.1635649199241982 0.1635683122118421
0.1635649186284960 0.1635649186284960 0.1635649188103186 0.1635649197890311 0.1635683126164235
0.1635649186284960 0.1635649186284960 0.1635649187918187 0.1635649196538561 0.1635683130200003
0.1635649186284960 0.1635649186284960 0.1635649188507319 0.1635649200321235 0.1635683112938061
0.1635649186284960 0.1635649186284960 0.1635649188322247 0.1635649198969657 0.1635683116997881
0.1635649186284960 0.1635649186284960 0.1635649188137204 0.1635649197618001 0.1635683121048130
0.1635649186284960 0.1635649186284960 0.1635649187952189 0.1635649196266266 0.1635683125087304
0.1635649186284960 0.1635649186284960 0.1635649187767203 0.1635649194914453 0.1635683129117296
0.1635649186284960 0.1635649186284960 0.1635649188356284 0.1635649198697388 0.1635683111881280
0.1635649186284960 0.1635649186284960 0.1635649188171226 0.1635649197345746 0.1635683115935822
0.1635649186284960 0.1635649186284960 0.1635649187986195 0.1635649195994026 0.1635683119979232
0.1635649186284960 0.1635649186284960 0.1635649187801193 0.1635649194642227 0.1635683124010494
0.1635649186284960 0.1635649186284960 0.1635649187616220 0.1635649193290350 0.1635683128035294
0.1635649186284960 0.1635649186284960 0.1635649188205250 0.1635649197073547 0.1635683110824344
0.1635649186284960 0.1635649186284960 0.1635649188020205 0.1635649195721841 0.1635683114871080
0.1635649186284960 0.1635649186284960 0.1635649187835187 0.1635649194370057 0.1635683118907691
0.1635649186284960 0.1635649186284960 0.1635649187650198 0.1635649193018195 0.1635683122937128
0.1635649186284960 0.1635649186284960 0.1635649187465237 0.1635649191666253 0.1635683126953115
0.1635649186284960 0.1635649186284960 0.1635649188054217 0.1635649195449712 0.1635683109766047
0.1635649186284960 0.1635649186284960 0.1635649187869184 0.1635649194097942 0.1635683113807206
0.1635649186284960 0.1635649186284960 0.1635649187684180 0.1635649192746094 0.1635683117838312
0.1635649186284960 0.1635649186284960 0.1635649187499204 0.1635649191394168 0.1635683121859964
0.1635649186284960 0.1635649186284960 0.1635649187314256 0.1635649190042162 0.1635683125870919
