# number of rays:       5
# iteration   ray    X              A              Y              B              T              D
         0      0  0.0000000E+00  0.0000000E+00  0.0000000E+00  0.0000000E+00  0.0000000E+00  0.0000000E+00
         0      1  0.0000000E+00  0.0000000E+00  0.0000000E+00  0.0000000E+00  0.0000000E+00  0.0000000E+00
         0      2  0.0000000E+00  0.0000000E+00  0.0000000E+00  0.0000000E+00  0.0000000E+00  0.1000000E-03
         0      3  0.0000000E+00  0.0000000E+00  0.0000000E+00  0.0000000E+00  0.0000000E+00  0.2000000E-03
         0      4  0.0000000E+00  0.0000000E+00  0.0000000E+00  0.0000000E+00  0.0000000E+00  0.5000000E-03

        10      0  0.0000000E+00  0.0000000E+00  0.0000000E+00  0.0000000E+00  0.0000000E+00  0.0000000E+00
        10      1  0.0000000E+00  0.0000000E+00  0.0000000E+00  0.0000000E+00  0.0000000E+00  0.0000000E+00
        10      2 -0.2614882E-06 -0.1291920E-06  0.0000000E+00  0.0000000E+00 -0.1729963E-02  0.9999989E-04
        10      3 -0.4775348E-06 -0.2759781E-06  0.0000000E+00  0.0000000E+00 -0.3464093E-02  0.1999995E-03
        10      4 -0.7745820E-06 -0.7464616E-06  0.0000000E+00  0.0000000E+00 -0.8691531E-02  0.4999971E-03

        20      0  0.0000000E+00  0.0000000E+00  0.0000000E+00  0.0000000E+00  0.0000000E+00  0.0000000E+00
        20      1  0.0000000E+00  0.0000000E+00  0.0000000E+00  0.0000000E+00  0.0000000E+00  0.0000000E+00
        20      2 -0.7782408E-06  0.5903447E-08  0.0000000E+00  0.0000000E+00 -0.3444123E-02  0.9999977E-04
        20      3 -0.1522088E-05 -0.6374421E-07  0.0000000E+00  0.0000000E+00 -0.6896546E-02  0.1999990E-03
        20      4 -0.2958451E-05 -0.7024016E-06  0.0000000E+00  0.0000000E+00 -0.1730370E-01  0.4999934E-03

        30      0  0.0000000E+00  0.0000000E+00  0.0000000E+00  0.0000000E+00  0.0000000E+00  0.0000000E+00
        30      1  0.0000000E+00  0.0000000E+00  0.0000000E+00  0.0000000E+00  0.0000000E+00  0.0000000E+00
        30      2 -0.8824726E-06  0.2307000E-06  0.0000000E+00  0.0000000E+00 -0.5142624E-02  0.9999963E-04
        30      3 -0.1968753E-05  0.4000052E-06  0.0000000E+00  0.0000000E+00 -0.1029765E-01  0.1999984E-03
        30      4 -0.5153506E-05  0.1039660E-06  0.0000000E+00  0.0000000E+00 -0.2583723E-01  0.4999881E-03

        40      0  0.0000000E+00  0.0000000E+00  0.0000000E+00  0.0000000E+00  0.0000000E+00  0.0000000E+00
        40      1  0.0000000E+00  0.0000000E+00  0.0000000E+00  0.0000000E+00  0.0000000E+00  0.0000000E+00
        40      2 -0.4395293E-06  0.2546873E-06  0.0000000E+00  0.0000000E+00 -0.6825607E-02  0.9999948E-04
        40      3 -0.1319465E-05  0.5980656E-06  0.0000000E+00  0.0000000E+00 -0.1366768E-01  0.1999977E-03
        40      4 -0.5954536E-05  0.1156373E-05  0.0000000E+00  0.0000000E+00 -0.3429285E-01  0.4999804E-03

        50      0  0.0000000E+00  0.0000000E+00  0.0000000E+00  0.0000000E+00  0.0000000E+00  0.0000000E+00
        50      1  0.0000000E+00  0.0000000E+00  0.0000000E+00  0.0000000E+00  0.0000000E+00  0.0000000E+00
        50      2 -0.2190261E-07  0.4687408E-07  0.0000000E+00  0.0000000E+00 -0.8493214E-02  0.9999931E-04
        50      3 -0.2984710E-06  0.3095611E-06  0.0000000E+00  0.0000000E+00 -0.1700692E-01  0.1999967E-03
        50      4 -0.4848867E-05  0.1781059E-05  0.0000000E+00  0.0000000E+00 -0.4267124E-01  0.4999696E-03

        60      0  0.0000000E+00  0.0000000E+00  0.0000000E+00  0.0000000E+00  0.0000000E+00  0.0000000E+00
        60      1  0.0000000E+00  0.0000000E+00  0.0000000E+00  0.0000000E+00  0.0000000E+00  0.0000000E+00
        60      2 -0.1693602E-06 -0.1241633E-06  0.0000000E+00  0.0000000E+00 -0.1014559E-01  0.9999910E-04
        60      3 -0.4455607E-07 -0.1437270E-06  0.0000000E+00  0.0000000E+00 -0.2031567E-01  0.1999955E-03
        60      4 -0.2544531E-05  0.1578115E-05  0.0000000E+00  0.0000000E+00 -0.5097311E-01  0.4999549E-03

        70      0  0.0000000E+00  0.0000000E+00  0.0000000E+00  0.0000000E+00  0.0000000E+00  0.0000000E+00
        70      1  0.0000000E+00  0.0000000E+00  0.0000000E+00  0.0000000E+00  0.0000000E+00  0.0000000E+00
        70      2 -0.6913808E-06 -0.3737788E-07  0.0000000E+00  0.0000000E+00 -0.1178286E-01  0.9999886E-04
        70      3 -0.8409851E-06 -0.2562439E-06  0.0000000E+00  0.0000000E+00 -0.2359418E-01  0.1999940E-03
        70      4 -0.5169349E-06  0.6774833E-06  0.0000000E+00  0.0000000E+00 -0.5919914E-01  0.4999357E-03

        80      0  0.0000000E+00  0.0000000E+00  0.0000000E+00  0.0000000E+00  0.0000000E+00  0.0000000E+00
        80      1  0.0000000E+00  0.0000000E+00  0.0000000E+00  0.0000000E+00  0.0000000E+00  0.0000000E+00
        80      2 -0.9133802E-06  0.1950801E-06  0.0000000E+00  0.0000000E+00 -0.1340518E-01  0.9999857E-04
        80      3 -0.1799607E-05  0.9750650E-07  0.0000000E+00  0.0000000E+00 -0.2684275E-01  0.1999922E-03
        80      4 -0.6429835E-07 -0.3442202E-06  0.0000000E+00  0.0000000E+00 -0.6735003E-01  0.4999112E-03

        90      0  0.0000000E+00  0.0000000E+00  0.0000000E+00  0.0000000E+00  0.0000000E+00  0.0000000E+00
        90      1  0.0000000E+00  0.0000000E+00  0.0000000E+00  0.0000000E+00  0.0000000E+00  0.0000000E+00
        90      2 -0.5485073E-06  0.2728036E-06  0.0000000E+00  0.0000000E+00 -0.1501268E-01  0.9999824E-04
        90      3 -0.1851390E-05  0.5230104E-06  0.0000000E+00  0.0000000E+00 -0.3006165E-01  0.1999900E-03
        90      4 -0.1476532E-05 -0.8328438E-06  0.0000000E+00  0.0000000E+00 -0.7542645E-01  0.4998807E-03

       100      0  0.0000000E+00  0.0000000E+00  0.0000000E+00  0.0000000E+00  0.0000000E+00  0.0000000E+00
       100      1  0.0000000E+00  0.0000000E+00  0.0000000E+00  0.0000000E+00  0.0000000E+00  0.0000000E+00
       100      2 -0.6834700E-07  0.9535605E-07  0.0000000E+00  0.0000000E+00 -0.1660549E-01  0.9999786E-04
       100      3 -0.9386677E-06  0.5457371E-06  0.0000000E+00  0.0000000E+00 -0.3325113E-01  0.1999873E-03
       100      4 -0.3849548E-05 -0.4755032E-06  0.0000000E+00  0.0000000E+00 -0.8342908E-01  0.4998436E-03

       110      0  0.0000000E+00  0.0000000E+00  0.0000000E+00  0.0000000E+00  0.0000000E+00  0.0000000E+00
       110      1  0.0000000E+00  0.0000000E+00  0.0000000E+00  0.0000000E+00  0.0000000E+00  0.0000000E+00
       110      2 -0.9346873E-07 -0.1079339E-06  0.0000000E+00  0.0000000E+00 -0.1818375E-01  0.9999742E-04
       110      3 -0.7943222E-07  0.1403552E-06  0.0000000E+00  0.0000000E+00 -0.3641148E-01  0.1999843E-03
       110      4 -0.5663939E-05  0.4990475E-06  0.0000000E+00  0.0000000E+00 -0.9135856E-01  0.4997993E-03

       120      0  0.0000000E+00  0.0000000E+00  0.0000000E+00  0.0000000E+00  0.0000000E+00  0.0000000E+00
       120      1  0.0000000E+00  0.0000000E+00  0.0000000E+00  0.0000000E+00  0.0000000E+00  0.0000000E+00
       120      2 -0.5914487E-06 -0.7434252E-07  0.0000000E+00  0.0000000E+00 -0.1974759E-01  0.9999691E-04
       120      3 -0.2320099E-06 -0.2410230E-06  0.0000000E+00  0.0000000E+00 -0.3954295E-01  0.1999807E-03
       120      4 -0.5757740E-05  0.1466799E-05  0.0000000E+00  0.0000000E+00 -0.9921555E-01  0.4997471E-03

       130      0  0.0000000E+00  0.0000000E+00  0.0000000E+00  0.0000000E+00  0.0000000E+00  0.0000000E+00
       130      1  0.0000000E+00  0.0000000E+00  0.0000000E+00  0.0000000E+00  0.0000000E+00  0.0000000E+00
       130      2 -0.9187783E-06  0.1527251E-06  0.0000000E+00  0.0000000E+00 -0.2129715E-01  0.9999634E-04
       130      3 -0.1226305E-05 -0.1730584E-06  0.0000000E+00  0.0000000E+00 -0.4264580E-01  0.1999765E-03
       130      4 -0.4070587E-05  0.1807983E-05  0.0000000E+00  0.0000000E+00 -0.1070007E+00  0.4996865E-03

       140      0  0.0000000E+00  0.0000000E+00  0.0000000E+00  0.0000000E+00  0.0000000E+00  0.0000000E+00
       140      1  0.0000000E+00  0.0000000E+00  0.0000000E+00  0.0000000E+00  0.0000000E+00  0.0000000E+00
       140      2 -0.6524861E-06  0.2798319E-06  0.0000000E+00  0.0000000E+00 -0.2283255E-01  0.9999570E-04
       140      3 -0.1953503E-05  0.2684605E-06  0.0000000E+00  0.0000000E+00 -0.4572031E-01  0.1999718E-03
       140      4 -0.1682685E-05  0.1303965E-05  0.0000000E+00  0.0000000E+00 -0.1147146E+00  0.4996168E-03

       150      0  0.0000000E+00  0.0000000E+00  0.0000000E+00  0.0000000E+00  0.0000000E+00  0.0000000E+00
       150      1  0.0000000E+00  0.0000000E+00  0.0000000E+00  0.0000000E+00  0.0000000E+00  0.0000000E+00
       150      2 -0.1367483E-06  0.1427233E-06  0.0000000E+00  0.0000000E+00 -0.2435391E-01  0.9999498E-04
       150      3 -0.1602662E-05  0.5911443E-06  0.0000000E+00  0.0000000E+00 -0.4876673E-01  0.1999665E-03
       150      4 -0.1233400E-06  0.2774211E-06  0.0000000E+00  0.0000000E+00 -0.1223579E+00  0.4995375E-03

       160      0  0.0000000E+00  0.0000000E+00  0.0000000E+00  0.0000000E+00  0.0000000E+00  0.0000000E+00
       160      1  0.0000000E+00  0.0000000E+00  0.0000000E+00  0.0000000E+00  0.0000000E+00  0.0000000E+00
       160      2 -0.3809854E-07 -0.8140665E-07  0.0000000E+00  0.0000000E+00 -0.2586138E-01  0.9999418E-04
       160      3 -0.5651090E-06  0.4351337E-06  0.0000000E+00  0.0000000E+00 -0.5178530E-01  0.1999606E-03
       160      4 -0.3915013E-06 -0.6141290E-06  0.0000000E+00  0.0000000E+00 -0.1299311E+00  0.4994480E-03

       170      0  0.0000000E+00  0.0000000E+00  0.0000000E+00  0.0000000E+00  0.0000000E+00  0.0000000E+00
       170      1  0.0000000E+00  0.0000000E+00  0.0000000E+00  0.0000000E+00  0.0000000E+00  0.0000000E+00
       170      2 -0.4840605E-06 -0.1029068E-06  0.0000000E+00  0.0000000E+00 -0.2735507E-01  0.9999329E-04
       170      3  0.1989284E-08 -0.2557560E-07  0.0000000E+00  0.0000000E+00 -0.5477628E-01  0.1999539E-03
       170      4 -0.2315503E-05 -0.7994179E-06  0.0000000E+00  0.0000000E+00 -0.1374350E+00  0.4993479E-03

       180      0  0.0000000E+00  0.0000000E+00  0.0000000E+00  0.0000000E+00  0.0000000E+00  0.0000000E+00
       180      1  0.0000000E+00  0.0000000E+00  0.0000000E+00  0.0000000E+00  0.0000000E+00  0.0000000E+00
       180      2 -0.8983528E-06  0.1060130E-06  0.0000000E+00  0.0000000E+00 -0.2883512E-01  0.9999232E-04
       180      3 -0.5338641E-06 -0.2771753E-06  0.0000000E+00  0.0000000E+00 -0.5773992E-01  0.1999466E-03
       180      4 -0.4662384E-05 -0.1595596E-06  0.0000000E+00  0.0000000E+00 -0.1448701E+00  0.4992365E-03

       190      0  0.0000000E+00  0.0000000E+00  0.0000000E+00  0.0000000E+00  0.0000000E+00  0.0000000E+00
       190      1  0.0000000E+00  0.0000000E+00  0.0000000E+00  0.0000000E+00  0.0000000E+00  0.0000000E+00
       190      2 -0.7456223E-06  0.2753710E-06  0.0000000E+00  0.0000000E+00 -0.3030164E-01  0.9999125E-04
       190      3 -0.1575106E-05 -0.3906272E-07  0.0000000E+00  0.0000000E+00 -0.6067647E-01  0.1999385E-03
       190      4 -0.5927438E-05  0.8954567E-06  0.0000000E+00  0.0000000E+00 -0.1522370E+00  0.4991135E-03

       200      0  0.0000000E+00  0.0000000E+00  0.0000000E+00  0.0000000E+00  0.0000000E+00  0.0000000E+00
       200      1  0.0000000E+00  0.0000000E+00  0.0000000E+00  0.0000000E+00  0.0000000E+00  0.0000000E+00
       200      2 -0.2232800E-06  0.1863124E-06  0.0000000E+00  0.0000000E+00 -0.3175477E-01  0.9999009E-04
       200      3 -0.1960526E-05  0.4232141E-06  0.0000000E+00  0.0000000E+00 -0.6358618E-01  0.1999296E-03
       200      4 -0.5298692E-05  0.1689228E-05  0.0000000E+00  0.0000000E+00 -0.1595362E+00  0.4989784E-03

       210      0  0.0000000E+00  0.0000000E+00  0.0000000E+00  0.0000000E+00  0.0000000E+00  0.0000000E+00
       210      1  0.0000000E+00  0.0000000E+00  0.0000000E+00  0.0000000E+00  0.0000000E+00  0.0000000E+00
       210      2 -0.6382715E-08 -0.4606650E-07  0.0000000E+00  0.0000000E+00 -0.3319461E-01  0.9998882E-04
       210      3 -0.1260302E-05  0.5941040E-06  0.0000000E+00  0.0000000E+00 -0.6646928E-01  0.1999199E-03
       210      4 -0.3178187E-05  0.1712473E-05  0.0000000E+00  0.0000000E+00 -0.1667684E+00  0.4988306E-03

       220      0  0.0000000E+00  0.0000000E+00  0.0000000E+00  0.0000000E+00  0.0000000E+00  0.0000000E+00
       220      1  0.0000000E+00  0.0000000E+00  0.0000000E+00  0.0000000E+00  0.0000000E+00  0.0000000E+00
       220      2 -0.3752587E-06 -0.1214582E-06  0.0000000E+00  0.0000000E+00 -0.3462129E-01  0.9998746E-04
       220      3 -0.2553838E-06  0.2830204E-06  0.0000000E+00  0.0000000E+00 -0.6932601E-01  0.1999094E-03
       220      4 -0.9251843E-06  0.9498613E-06  0.0000000E+00  0.0000000E+00 -0.1739340E+00  0.4986697E-03

       230      0  0.0000000E+00  0.0000000E+00  0.0000000E+00  0.0000000E+00  0.0000000E+00  0.0000000E+00
       230      1  0.0000000E+00  0.0000000E+00  0.0000000E+00  0.0000000E+00  0.0000000E+00  0.0000000E+00
       230      2 -0.8532452E-06  0.5757036E-07  0.0000000E+00  0.0000000E+00 -0.3603494E-01  0.9998598E-04
       230      3 -0.6654485E-07 -0.1630960E-06  0.0000000E+00  0.0000000E+00 -0.7215660E-01  0.1998980E-03
       230      4  0.1507575E-07 -0.1096435E-06  0.0000000E+00  0.0000000E+00 -0.1810336E+00  0.4984954E-03

       240      0  0.0000000E+00  0.0000000E+00  0.0000000E+00  0.0000000E+00  0.0000000E+00  0.0000000E+00
       240      1  0.0000000E+00  0.0000000E+00  0.0000000E+00  0.0000000E+00  0.0000000E+00  0.0000000E+00
       240      2 -0.8226766E-06  0.2596670E-06  0.0000000E+00  0.0000000E+00 -0.3743567E-01  0.9998439E-04
       240      3 -0.9044159E-06 -0.2466970E-06  0.0000000E+00  0.0000000E+00 -0.7496130E-01  0.1998858E-03
       240      4 -0.9610223E-06 -0.7860851E-06  0.0000000E+00  0.0000000E+00 -0.1880677E+00  0.4983072E-03

       250      0  0.0000000E+00  0.0000000E+00  0.0000000E+00  0.0000000E+00  0.0000000E+00  0.0000000E+00
       250      1  0.0000000E+00  0.0000000E+00  0.0000000E+00  0.0000000E+00  0.0000000E+00  0.0000000E+00
       250      2 -0.3230881E-06  0.2236699E-06  0.0000000E+00  0.0000000E+00 -0.3882359E-01  0.9998269E-04
       250      3 -0.1834538E-05  0.1254633E-06  0.0000000E+00  0.0000000E+00 -0.7774034E-01  0.1998726E-03
       250      4 -0.3226839E-05 -0.6449213E-06  0.0000000E+00  0.0000000E+00 -0.1950370E+00  0.4981047E-03

       260      0  0.0000000E+00  0.0000000E+00  0.0000000E+00  0.0000000E+00  0.0000000E+00  0.0000000E+00
       260      1  0.0000000E+00  0.0000000E+00  0.0000000E+00  0.0000000E+00  0.0000000E+00  0.0000000E+00
       260      2 -0.1220543E-09 -0.3897237E-08  0.0000000E+00  0.0000000E+00 -0.4019883E-01  0.9998087E-04
       260      3 -0.1819528E-05  0.5383150E-06  0.0000000E+00  0.0000000E+00 -0.8049395E-01  0.1998585E-03
       260      4 -0.5326405E-05  0.2234848E-06  0.0000000E+00  0.0000000E+00 -0.2019418E+00  0.4978875E-03

       270      0  0.0000000E+00  0.0000000E+00  0.0000000E+00  0.0000000E+00  0.0000000E+00  0.0000000E+00
       270      1  0.0000000E+00  0.0000000E+00  0.0000000E+00  0.0000000E+00  0.0000000E+00  0.0000000E+00
       270      2 -0.2711713E-06 -0.1289478E-06  0.0000000E+00  0.0000000E+00 -0.4156150E-01  0.9997893E-04
       270      3 -0.8760995E-06  0.5313914E-06  0.0000000E+00  0.0000000E+00 -0.8322234E-01  0.1998434E-03
       270      4 -0.5909005E-05  0.1261199E-05  0.0000000E+00  0.0000000E+00 -0.2087827E+00  0.4976553E-03

       280      0  0.0000000E+00  0.0000000E+00  0.0000000E+00  0.0000000E+00  0.0000000E+00  0.0000000E+00
       280      1  0.0000000E+00  0.0000000E+00  0.0000000E+00  0.0000000E+00  0.0000000E+00  0.0000000E+00
       280      2 -0.7859905E-06  0.1012361E-07  0.0000000E+00  0.0000000E+00 -0.4291171E-01  0.9997687E-04
       280      3 -0.5647082E-07  0.1124031E-06  0.0000000E+00  0.0000000E+00 -0.8592575E-01  0.1998273E-03
       280      4 -0.4597904E-05  0.1800768E-05  0.0000000E+00  0.0000000E+00 -0.2155603E+00  0.4974077E-03

       290      0  0.0000000E+00  0.0000000E+00  0.0000000E+00  0.0000000E+00  0.0000000E+00  0.0000000E+00
       290      1  0.0000000E+00  0.0000000E+00  0.0000000E+00  0.0000000E+00  0.0000000E+00  0.0000000E+00
       290      2 -0.8793125E-06  0.2336011E-06  0.0000000E+00  0.0000000E+00 -0.4424958E-01  0.9997468E-04
       290      3 -0.2748109E-06 -0.2513364E-06  0.0000000E+00  0.0000000E+00 -0.8860440E-01  0.1998102E-03
       290      4 -0.2234340E-05  0.1494449E-05  0.0000000E+00  0.0000000E+00 -0.2222749E+00  0.4971444E-03

       300      0  0.0000000E+00  0.0000000E+00  0.0000000E+00  0.0000000E+00  0.0000000E+00  0.0000000E+00
       300      1  0.0000000E+00  0.0000000E+00  0.0000000E+00  0.0000000E+00  0.0000000E+00  0.0000000E+00
       300      2 -0.4305641E-06  0.2526924E-06  0.0000000E+00  0.0000000E+00 -0.4557521E-01  0.9997237E-04
       300      3 -0.1287582E-05 -0.1541181E-06  0.0000000E+00  0.0000000E+00 -0.9125851E-01  0.1997921E-03
       300      4 -0.3381355E-06  0.5386181E-06  0.0000000E+00  0.0000000E+00 -0.2289270E+00  0.4968651E-03

       310      0  0.0000000E+00  0.0000000E+00  0.0000000E+00  0.0000000E+00  0.0000000E+00  0.0000000E+00
       310      1  0.0000000E+00  0.0000000E+00  0.0000000E+00  0.0000000E+00  0.0000000E+00  0.0000000E+00
       310      2 -0.1968024E-07  0.4273010E-07  0.0000000E+00  0.0000000E+00 -0.4688873E-01  0.9996992E-04
       310      3 -0.1965106E-05  0.2956249E-06  0.0000000E+00  0.0000000E+00 -0.9388830E-01  0.1997729E-03
       310      4 -0.1300450E-06 -0.4516834E-06  0.0000000E+00  0.0000000E+00 -0.2355172E+00  0.4965695E-03

       320      0  0.0000000E+00  0.0000000E+00  0.0000000E+00  0.0000000E+00  0.0000000E+00  0.0000000E+00
       320      1  0.0000000E+00  0.0000000E+00  0.0000000E+00  0.0000000E+00  0.0000000E+00  0.0000000E+00
       320      2 -0.1776628E-06 -0.1249512E-06  0.0000000E+00  0.0000000E+00 -0.4819023E-01  0.9996733E-04
       320      3 -0.1551588E-05  0.5962333E-06  0.0000000E+00  0.0000000E+00 -0.9649398E-01  0.1997527E-03
       320      4 -0.1744382E-05 -0.8383042E-06  0.0000000E+00  0.0000000E+00 -0.2420458E+00  0.4962572E-03

       330      0  0.0000000E+00  0.0000000E+00  0.0000000E+00  0.0000000E+00  0.0000000E+00  0.0000000E+00
       330      1  0.0000000E+00  0.0000000E+00  0.0000000E+00  0.0000000E+00  0.0000000E+00  0.0000000E+00
       330      2 -0.7003755E-06 -0.3365562E-07  0.0000000E+00  0.0000000E+00 -0.4947984E-01  0.9996461E-04
       330      3 -0.5082087E-06  0.4123752E-06  0.0000000E+00  0.0000000E+00 -0.9907577E-01  0.1997313E-03
       330      4 -0.4140077E-05 -0.3715109E-06  0.0000000E+00  0.0000000E+00 -0.2485135E+00  0.4959281E-03

       340      0  0.0000000E+00  0.0000000E+00  0.0000000E+00  0.0000000E+00  0.0000000E+00  0.0000000E+00
       340      1  0.0000000E+00  0.0000000E+00  0.0000000E+00  0.0000000E+00  0.0000000E+00  0.0000000E+00
       340      2 -0.9123443E-06  0.1986400E-06  0.0000000E+00  0.0000000E+00 -0.5075765E-01  0.9996175E-04
       340      3  0.1224912E-08 -0.5088280E-07  0.0000000E+00  0.0000000E+00 -0.1016339E+00  0.1997089E-03
       340      4 -0.5769909E-05  0.6479583E-06  0.0000000E+00  0.0000000E+00 -0.2549205E+00  0.4955818E-03

       350      0  0.0000000E+00  0.0000000E+00  0.0000000E+00  0.0000000E+00  0.0000000E+00  0.0000000E+00
       350      1  0.0000000E+00  0.0000000E+00  0.0000000E+00  0.0000000E+00  0.0000000E+00  0.0000000E+00
       350      2 -0.5396631E-06  0.2717463E-06  0.0000000E+00  0.0000000E+00 -0.5202377E-01  0.9995875E-04
       350      3 -0.5915280E-06 -0.2767833E-06  0.0000000E+00  0.0000000E+00 -0.1041685E+00  0.1996853E-03
       350      4 -0.5578613E-05  0.1561830E-05  0.0000000E+00  0.0000000E+00 -0.2612673E+00  0.4952181E-03

       360      0  0.0000000E+00  0.0000000E+00  0.0000000E+00  0.0000000E+00  0.0000000E+00  0.0000000E+00
       360      1  0.0000000E+00  0.0000000E+00  0.0000000E+00  0.0000000E+00  0.0000000E+00  0.0000000E+00
       360      2 -0.6396128E-07  0.9119161E-07  0.0000000E+00  0.0000000E+00 -0.5327831E-01  0.9995561E-04
       360      3 -0.1625182E-05 -0.1332286E-07  0.0000000E+00  0.0000000E+00 -0.1066799E+00  0.1996606E-03
       360      4 -0.3686230E-05  0.1778889E-05  0.0000000E+00  0.0000000E+00 -0.2675544E+00  0.4948368E-03

       370      0  0.0000000E+00  0.0000000E+00  0.0000000E+00  0.0000000E+00  0.0000000E+00  0.0000000E+00
       370      1  0.0000000E+00  0.0000000E+00  0.0000000E+00  0.0000000E+00  0.0000000E+00  0.0000000E+00
       370      2 -0.1000006E-06 -0.1096927E-06  0.0000000E+00  0.0000000E+00 -0.5452138E-01  0.9995232E-04
       370      3 -0.1946527E-05  0.4455878E-06  0.0000000E+00  0.0000000E+00 -0.1091681E+00  0.1996347E-03
       370      4 -0.1313543E-05  0.1157608E-05  0.0000000E+00  0.0000000E+00 -0.2737821E+00  0.4944377E-03

       380      0  0.0000000E+00  0.0000000E+00  0.0000000E+00  0.0000000E+00  0.0000000E+00  0.0000000E+00
       380      1  0.0000000E+00  0.0000000E+00  0.0000000E+00  0.0000000E+00  0.0000000E+00  0.0000000E+00
       380      2 -0.6012243E-06 -0.7130260E-07  0.0000000E+00  0.0000000E+00 -0.5575307E-01  0.9994888E-04
       380      3 -0.1196935E-05  0.5879650E-06  0.0000000E+00  0.0000000E+00 -0.1116336E+00  0.1996076E-03
       380      4  0.5296609E-08  0.9902599E-07  0.0000000E+00  0.0000000E+00 -0.2799509E+00  0.4940205E-03

       390      0  0.0000000E+00  0.0000000E+00  0.0000000E+00  0.0000000E+00  0.0000000E+00  0.0000000E+00
       390      1  0.0000000E+00  0.0000000E+00  0.0000000E+00  0.0000000E+00  0.0000000E+00  0.0000000E+00
       390      2 -0.9199185E-06  0.1567532E-06  0.0000000E+00  0.0000000E+00 -0.5697349E-01  0.9994530E-04
       390      3 -0.2125614E-06  0.2549313E-06  0.0000000E+00  0.0000000E+00 -0.1140763E+00  0.1995794E-03
       390      4 -0.5839505E-06 -0.7115584E-06  0.0000000E+00  0.0000000E+00 -0.2860611E+00  0.4935850E-03

       400      0  0.0000000E+00  0.0000000E+00  0.0000000E+00  0.0000000E+00  0.0000000E+00  0.0000000E+00
       400      1  0.0000000E+00  0.0000000E+00  0.0000000E+00  0.0000000E+00  0.0000000E+00  0.0000000E+00
       400      2 -0.6442470E-06  0.2797612E-06  0.0000000E+00  0.0000000E+00 -0.5818274E-01  0.9994156E-04
       400      3 -0.9157217E-07 -0.1819825E-06  0.0000000E+00  0.0000000E+00 -0.1164966E+00  0.1995499E-03
       400      4 -0.2699459E-05 -0.7482429E-06  0.0000000E+00  0.0000000E+00 -0.2921133E+00  0.4931312E-03

       410      0  0.0000000E+00  0.0000000E+00  0.0000000E+00  0.0000000E+00  0.0000000E+00  0.0000000E+00
       410      1  0.0000000E+00  0.0000000E+00  0.0000000E+00  0.0000000E+00  0.0000000E+00  0.0000000E+00
       410      2 -0.1304708E-06  0.1387596E-06  0.0000000E+00  0.0000000E+00 -0.5938092E-01  0.9993767E-04
       410      3 -0.9688917E-06 -0.2353075E-06  0.0000000E+00  0.0000000E+00 -0.1188947E+00  0.1995192E-03
       410      4 -0.4967314E-05  0.1350515E-07  0.0000000E+00  0.0000000E+00 -0.2981077E+00  0.4926588E-03

       420      0  0.0000000E+00  0.0000000E+00  0.0000000E+00  0.0000000E+00  0.0000000E+00  0.0000000E+00
       420      1  0.0000000E+00  0.0000000E+00  0.0000000E+00  0.0000000E+00  0.0000000E+00  0.0000000E+00
       420      2 -0.4255484E-07 -0.8403370E-07  0.0000000E+00  0.0000000E+00 -0.6056814E-01  0.9993362E-04
       420      3 -0.1865529E-05  0.1544568E-06  0.0000000E+00  0.0000000E+00 -0.1212706E+00  0.1994873E-03
       420      4 -0.5911192E-05  0.1079248E-05  0.0000000E+00  0.0000000E+00 -0.3040447E+00  0.4921677E-03

       430      0  0.0000000E+00  0.0000000E+00  0.0000000E+00  0.0000000E+00  0.0000000E+00  0.0000000E+00
       430      1  0.0000000E+00  0.0000000E+00  0.0000000E+00  0.0000000E+00  0.0000000E+00  0.0000000E+00
       430      2 -0.4941242E-06 -0.1006999E-06  0.0000000E+00  0.0000000E+00 -0.6174449E-01  0.9992942E-04
       430      3 -0.1780830E-05  0.5523915E-06  0.0000000E+00  0.0000000E+00 -0.1236247E+00  0.1994541E-03
       430      4 -0.4912564E-05  0.1755492E-05  0.0000000E+00  0.0000000E+00 -0.3099247E+00  0.4916576E-03

       440      0  0.0000000E+00  0.0000000E+00  0.0000000E+00  0.0000000E+00  0.0000000E+00  0.0000000E+00
       440      1  0.0000000E+00  0.0000000E+00  0.0000000E+00  0.0000000E+00  0.0000000E+00  0.0000000E+00
       440      2 -0.9016201E-06  0.1103009E-06  0.0000000E+00  0.0000000E+00 -0.6291007E-01  0.9992506E-04
       440      3 -0.8091133E-06  0.5144160E-06  0.0000000E+00  0.0000000E+00 -0.1259571E+00  0.1994197E-03
       440      4 -0.2616665E-05  0.1600680E-05  0.0000000E+00  0.0000000E+00 -0.3157481E+00  0.4911287E-03

       450      0  0.0000000E+00  0.0000000E+00  0.0000000E+00  0.0000000E+00  0.0000000E+00  0.0000000E+00
       450      1  0.0000000E+00  0.0000000E+00  0.0000000E+00  0.0000000E+00  0.0000000E+00  0.0000000E+00
       450      2 -0.7384345E-06  0.2762907E-06  0.0000000E+00  0.0000000E+00 -0.6406497E-01  0.9992054E-04
       450      3 -0.3457512E-07  0.8285813E-07  0.0000000E+00  0.0000000E+00 -0.1282679E+00  0.1993840E-03
       450      4 -0.5164268E-06  0.7140541E-06  0.0000000E+00  0.0000000E+00 -0.3215152E+00  0.4905806E-03

       460      0  0.0000000E+00  0.0000000E+00  0.0000000E+00  0.0000000E+00  0.0000000E+00  0.0000000E+00
       460      1  0.0000000E+00  0.0000000E+00  0.0000000E+00  0.0000000E+00  0.0000000E+00  0.0000000E+00
       460      2 -0.2154582E-06  0.1827582E-06  0.0000000E+00  0.0000000E+00 -0.6520929E-01  0.9991586E-04
       460      3 -0.3214677E-06 -0.2607072E-06  0.0000000E+00  0.0000000E+00 -0.1305575E+00  0.1993470E-03
       460      4  0.1893870E-07 -0.3270361E-06  0.0000000E+00  0.0000000E+00 -0.3272263E+00  0.4900133E-03

       470      0  0.0000000E+00  0.0000000E+00  0.0000000E+00  0.0000000E+00  0.0000000E+00  0.0000000E+00
       470      1  0.0000000E+00  0.0000000E+00  0.0000000E+00  0.0000000E+00  0.0000000E+00  0.0000000E+00
       470      2 -0.8549411E-08 -0.4942290E-07  0.0000000E+00  0.0000000E+00 -0.6634314E-01  0.9991101E-04
       470      3 -0.1349503E-05 -0.1328560E-06  0.0000000E+00  0.0000000E+00 -0.1328259E+00  0.1993087E-03
       470      4 -0.1360571E-05 -0.8426077E-06  0.0000000E+00  0.0000000E+00 -0.3328819E+00  0.4894267E-03

       480      0  0.0000000E+00  0.0000000E+00  0.0000000E+00  0.0000000E+00  0.0000000E+00  0.0000000E+00
       480      1  0.0000000E+00  0.0000000E+00  0.0000000E+00  0.0000000E+00  0.0000000E+00  0.0000000E+00
       480      2 -0.3851067E-06 -0.1201978E-06  0.0000000E+00  0.0000000E+00 -0.6746659E-01  0.9990601E-04
       480      3 -0.1971131E-05  0.3237159E-06  0.0000000E+00  0.0000000E+00 -0.1350733E+00  0.1992691E-03
       480      4 -0.3752454E-05 -0.4946704E-06  0.0000000E+00  0.0000000E+00 -0.3384822E+00  0.4888207E-03

       490      0  0.0000000E+00  0.0000000E+00  0.0000000E+00  0.0000000E+00  0.0000000E+00  0.0000000E+00
       490      1  0.0000000E+00  0.0000000E+00  0.0000000E+00  0.0000000E+00  0.0000000E+00  0.0000000E+00
       490      2 -0.8584955E-06  0.6189939E-07  0.0000000E+00  0.0000000E+00 -0.6857975E-01  0.9990083E-04
       490      3 -0.1492277E-05  0.5993781E-06  0.0000000E+00  0.0000000E+00 -0.1373000E+00  0.1992282E-03
       490      4 -0.5587770E-05  0.4898009E-06  0.0000000E+00  0.0000000E+00 -0.3440275E+00  0.4881954E-03

       500      0  0.0000000E+00  0.0000000E+00  0.0000000E+00  0.0000000E+00  0.0000000E+00  0.0000000E+00
       500      1  0.0000000E+00  0.0000000E+00  0.0000000E+00  0.0000000E+00  0.0000000E+00  0.0000000E+00
       500      2 -0.8169348E-06  0.2615379E-06  0.0000000E+00  0.0000000E+00 -0.6968271E-01  0.9989549E-04
       500      3 -0.4471930E-06  0.3863751E-06  0.0000000E+00  0.0000000E+00 -0.1395060E+00  0.1991860E-03
       500      4 -0.5657789E-05  0.1465321E-05  0.0000000E+00  0.0000000E+00 -0.3495183E+00  0.4875505E-03

       510      0  0.0000000E+00  0.0000000E+00  0.0000000E+00  0.0000000E+00  0.0000000E+00  0.0000000E+00
       510      1  0.0000000E+00  0.0000000E+00  0.0000000E+00  0.0000000E+00  0.0000000E+00  0.0000000E+00
       510      2 -0.3141307E-06  0.2207151E-06  0.0000000E+00  0.0000000E+00 -0.7077555E-01  0.9988999E-04
       510      3 -0.2291442E-08 -0.7758319E-07  0.0000000E+00  0.0000000E+00 -0.1416917E+00  0.1991425E-03
       510      4 -0.3909972E-05  0.1790163E-05  0.0000000E+00  0.0000000E+00 -0.3549547E+00  0.4868861E-03

       520      0  0.0000000E+00  0.0000000E+00  0.0000000E+00  0.0000000E+00  0.0000000E+00  0.0000000E+00
       520      1  0.0000000E+00  0.0000000E+00  0.0000000E+00  0.0000000E+00  0.0000000E+00  0.0000000E+00
       520      2  0.1206883E-09 -0.7813639E-08  0.0000000E+00  0.0000000E+00 -0.7185838E-01  0.9988431E-04
       520      3 -0.6540964E-06 -0.2745889E-06  0.0000000E+00  0.0000000E+00 -0.1438570E+00  0.1990976E-03
       520      4 -0.1487987E-05  0.1248683E-05  0.0000000E+00  0.0000000E+00 -0.3603372E+00  0.4862022E-03

       530      0  0.0000000E+00  0.0000000E+00  0.0000000E+00  0.0000000E+00  0.0000000E+00  0.0000000E+00
       530      1  0.0000000E+00  0.0000000E+00  0.0000000E+00  0.0000000E+00  0.0000000E+00  0.0000000E+00
       530      2 -0.2803040E-06 -0.1287082E-06  0.0000000E+00  0.0000000E+00 -0.7293127E-01  0.9987847E-04
       530      3 -0.1674761E-05  0.1529532E-07  0.0000000E+00  0.0000000E+00 -0.1460023E+00  0.1990514E-03
       530      4  0.1624848E-07  0.1955083E-06  0.0000000E+00  0.0000000E+00 -0.3656659E+00  0.4854986E-03

       540      0  0.0000000E+00  0.0000000E+00  0.0000000E+00  0.0000000E+00  0.0000000E+00  0.0000000E+00
       540      1  0.0000000E+00  0.0000000E+00  0.0000000E+00  0.0000000E+00  0.0000000E+00  0.0000000E+00
       540      2 -0.7929910E-06  0.1427180E-07  0.0000000E+00  0.0000000E+00 -0.7399432E-01  0.9987246E-04
       540      3 -0.1924469E-05  0.4684050E-06  0.0000000E+00  0.0000000E+00 -0.1481277E+00  0.1990038E-03
       540      4 -0.3889065E-06 -0.6756787E-06  0.0000000E+00  0.0000000E+00 -0.3709413E+00  0.4847755E-03

       550      0  0.0000000E+00  0.0000000E+00  0.0000000E+00  0.0000000E+00  0.0000000E+00  0.0000000E+00
       550      1  0.0000000E+00  0.0000000E+00  0.0000000E+00  0.0000000E+00  0.0000000E+00  0.0000000E+00
       550      2 -0.8753492E-06  0.2363427E-06  0.0000000E+00  0.0000000E+00 -0.7504763E-01  0.9986627E-04
       550      3 -0.1124086E-05  0.5787651E-06  0.0000000E+00  0.0000000E+00 -0.1502334E+00  0.1989549E-03
       550      4 -0.2436188E-05 -0.7889886E-06  0.0000000E+00  0.0000000E+00 -0.3761635E+00  0.4840329E-03

       560      0  0.0000000E+00  0.0000000E+00  0.0000000E+00  0.0000000E+00  0.0000000E+00  0.0000000E+00
       560      1  0.0000000E+00  0.0000000E+00  0.0000000E+00  0.0000000E+00  0.0000000E+00  0.0000000E+00
       560      2 -0.4209279E-06  0.2505026E-06  0.0000000E+00  0.0000000E+00 -0.7609126E-01  0.9985992E-04
       560      3 -0.1670566E-06  0.2230652E-06  0.0000000E+00  0.0000000E+00 -0.1523194E+00  0.1989046E-03
       560      4 -0.4769742E-05 -0.6827692E-07  0.0000000E+00  0.0000000E+00 -0.3813330E+00  0.4832706E-03

       570      0  0.0000000E+00  0.0000000E+00  0.0000000E+00  0.0000000E+00  0.0000000E+00  0.0000000E+00
       570      1  0.0000000E+00  0.0000000E+00  0.0000000E+00  0.0000000E+00  0.0000000E+00  0.0000000E+00
       570      2 -0.1700465E-07  0.3844813E-07  0.0000000E+00  0.0000000E+00 -0.7712532E-01  0.9985339E-04
       570      3 -0.1219013E-06 -0.2015424E-06  0.0000000E+00  0.0000000E+00 -0.1543861E+00  0.1988529E-03
       570      4 -0.5838468E-05  0.1009648E-05  0.0000000E+00  0.0000000E+00 -0.3864499E+00  0.4824888E-03

       580      0  0.0000000E+00  0.0000000E+00  0.0000000E+00  0.0000000E+00  0.0000000E+00  0.0000000E+00
       580      1  0.0000000E+00  0.0000000E+00  0.0000000E+00  0.0000000E+00  0.0000000E+00  0.0000000E+00
       580      2 -0.1855997E-06 -0.1257648E-06  0.0000000E+00  0.0000000E+00 -0.7814988E-01  0.9984668E-04
       580      3 -0.1038877E-05 -0.2208780E-06  0.0000000E+00  0.0000000E+00 -0.1564335E+00  0.1987999E-03
       580      4 -0.4925423E-05  0.1728727E-05  0.0000000E+00  0.0000000E+00 -0.3915145E+00  0.4816876E-03

       590      0  0.0000000E+00  0.0000000E+00  0.0000000E+00  0.0000000E+00  0.0000000E+00  0.0000000E+00
       590      1  0.0000000E+00  0.0000000E+00  0.0000000E+00  0.0000000E+00  0.0000000E+00  0.0000000E+00
       590      2 -0.7088114E-06 -0.2990712E-07  0.0000000E+00  0.0000000E+00 -0.7916503E-01  0.9983981E-04
       590      3 -0.1893590E-05  0.1866507E-06  0.0000000E+00  0.0000000E+00 -0.1584618E+00  0.1987455E-03
       590      4 -0.2629706E-05  0.1608819E-05  0.0000000E+00  0.0000000E+00 -0.3965271E+00  0.4808668E-03

       600      0  0.0000000E+00  0.0000000E+00  0.0000000E+00  0.0000000E+00  0.0000000E+00  0.0000000E+00
       600      1  0.0000000E+00  0.0000000E+00  0.0000000E+00  0.0000000E+00  0.0000000E+00  0.0000000E+00
       600      2 -0.9104189E-06  0.2021326E-06  0.0000000E+00  0.0000000E+00 -0.8017086E-01  0.9983276E-04
       600      3 -0.1731002E-05  0.5658159E-06  0.0000000E+00  0.0000000E+00 -0.1604712E+00  0.1986897E-03
       600      4 -0.4747216E-06  0.7271610E-06  0.0000000E+00  0.0000000E+00 -0.4014880E+00  0.4800266E-03

       610      0  0.0000000E+00  0.0000000E+00  0.0000000E+00  0.0000000E+00  0.0000000E+00  0.0000000E+00
       610      1  0.0000000E+00  0.0000000E+00  0.0000000E+00  0.0000000E+00  0.0000000E+00  0.0000000E+00
       610      2 -0.5298397E-06  0.2704580E-06  0.0000000E+00  0.0000000E+00 -0.8116745E-01  0.9982553E-04
       610      3 -0.7323447E-06  0.4929911E-06  0.0000000E+00  0.0000000E+00 -0.1624619E+00  0.1986326E-03
       610      4  0.1037508E-06 -0.3298768E-06  0.0000000E+00  0.0000000E+00 -0.4063974E+00  0.4791671E-03

       620      0  0.0000000E+00  0.0000000E+00  0.0000000E+00  0.0000000E+00  0.0000000E+00  0.0000000E+00
       620      1  0.0000000E+00  0.0000000E+00  0.0000000E+00  0.0000000E+00  0.0000000E+00  0.0000000E+00
       620      2 -0.5892759E-07  0.8675821E-07  0.0000000E+00  0.0000000E+00 -0.8215488E-01  0.9981813E-04
       620      3 -0.1294988E-07  0.4943910E-07  0.0000000E+00  0.0000000E+00 -0.1644339E+00  0.1985740E-03
       620      4 -0.1281242E-05 -0.8560169E-06  0.0000000E+00  0.0000000E+00 -0.4112556E+00  0.4782884E-03

       630      0  0.0000000E+00  0.0000000E+00  0.0000000E+00  0.0000000E+00  0.0000000E+00  0.0000000E+00
       630      1  0.0000000E+00  0.0000000E+00  0.0000000E+00  0.0000000E+00  0.0000000E+00  0.0000000E+00
       630      2 -0.1062939E-06 -0.1115494E-06  0.0000000E+00  0.0000000E+00 -0.8313323E-01  0.9981055E-04
       630      3 -0.3763306E-06 -0.2693431E-06  0.0000000E+00  0.0000000E+00 -0.1663874E+00  0.1985141E-03
       630      4 -0.3701882E-05 -0.4977938E-06  0.0000000E+00  0.0000000E+00 -0.4160627E+00  0.4773904E-03

       640      0  0.0000000E+00  0.0000000E+00  0.0000000E+00  0.0000000E+00  0.0000000E+00  0.0000000E+00
       640      1  0.0000000E+00  0.0000000E+00  0.0000000E+00  0.0000000E+00  0.0000000E+00  0.0000000E+00
       640      2 -0.6107055E-06 -0.6816308E-07  0.0000000E+00  0.0000000E+00 -0.8410258E-01  0.9980280E-04
       640      3 -0.1416244E-05 -0.1071802E-06  0.0000000E+00  0.0000000E+00 -0.1683226E+00  0.1984528E-03
       640      4 -0.5530349E-05  0.5057841E-06  0.0000000E+00  0.0000000E+00 -0.4208192E+00  0.4764734E-03

       650      0  0.0000000E+00  0.0000000E+00  0.0000000E+00  0.0000000E+00  0.0000000E+00  0.0000000E+00
       650      1  0.0000000E+00  0.0000000E+00  0.0000000E+00  0.0000000E+00  0.0000000E+00  0.0000000E+00
       650      2 -0.9202079E-06  0.1608404E-06  0.0000000E+00  0.0000000E+00 -0.8506302E-01  0.9979486E-04
       650      3 -0.1970317E-05  0.3547098E-06  0.0000000E+00  0.0000000E+00 -0.1702397E+00  0.1983901E-03
       650      4 -0.5529734E-05  0.1480228E-05  0.0000000E+00  0.0000000E+00 -0.4255252E+00  0.4755373E-03

       660      0  0.0000000E+00  0.0000000E+00  0.0000000E+00  0.0000000E+00  0.0000000E+00  0.0000000E+00
       660      1  0.0000000E+00  0.0000000E+00  0.0000000E+00  0.0000000E+00  0.0000000E+00  0.0000000E+00
       660      2 -0.6347492E-06  0.2794762E-06  0.0000000E+00  0.0000000E+00 -0.8601463E-01  0.9978676E-04
       660      3 -0.1418907E-05  0.6000897E-06  0.0000000E+00  0.0000000E+00 -0.1721388E+00  0.1983260E-03
       660      4 -0.3690728E-05  0.1767492E-05  0.0000000E+00  0.0000000E+00 -0.4301809E+00  0.4745824E-03

       670      0  0.0000000E+00  0.0000000E+00  0.0000000E+00  0.0000000E+00  0.0000000E+00  0.0000000E+00
       670      1  0.0000000E+00  0.0000000E+00  0.0000000E+00  0.0000000E+00  0.0000000E+00  0.0000000E+00
       670      2 -0.1232533E-06  0.1344030E-06  0.0000000E+00  0.0000000E+00 -0.8695747E-01  0.9977847E-04
       670      3 -0.3778583E-06  0.3546089E-06  0.0000000E+00  0.0000000E+00 -0.1740200E+00  0.1982605E-03
       670      4 -0.1246229E-05  0.1170716E-05  0.0000000E+00  0.0000000E+00 -0.4347866E+00  0.4736087E-03

       680      0  0.0000000E+00  0.0000000E+00  0.0000000E+00  0.0000000E+00  0.0000000E+00  0.0000000E+00
       680      1  0.0000000E+00  0.0000000E+00  0.0000000E+00  0.0000000E+00  0.0000000E+00  0.0000000E+00
       680      2 -0.4680462E-07 -0.8687826E-07  0.0000000E+00  0.0000000E+00 -0.8789163E-01  0.9977001E-04
       680      3 -0.1047278E-07 -0.1074461E-06  0.0000000E+00  0.0000000E+00 -0.1758835E+00  0.1981936E-03
       680      4  0.1548863E-06  0.9069996E-07  0.0000000E+00  0.0000000E+00 -0.4393425E+00  0.4726164E-03

       690      0  0.0000000E+00  0.0000000E+00  0.0000000E+00  0.0000000E+00  0.0000000E+00  0.0000000E+00
       690      1  0.0000000E+00  0.0000000E+00  0.0000000E+00  0.0000000E+00  0.0000000E+00  0.0000000E+00
       690      2 -0.5041933E-06 -0.9836224E-07  0.0000000E+00  0.0000000E+00 -0.8881719E-01  0.9976136E-04
       690      3 -0.7271883E-06 -0.2696099E-06  0.0000000E+00  0.0000000E+00 -0.1777295E+00  0.1981253E-03
       690      4 -0.4363670E-06 -0.7418295E-06  0.0000000E+00  0.0000000E+00 -0.4438488E+00  0.4716055E-03

       700      0  0.0000000E+00  0.0000000E+00  0.0000000E+00  0.0000000E+00  0.0000000E+00  0.0000000E+00
       700      1  0.0000000E+00  0.0000000E+00  0.0000000E+00  0.0000000E+00  0.0000000E+00  0.0000000E+00
       700      2 -0.9042082E-06  0.1147924E-06  0.0000000E+00  0.0000000E+00 -0.8973423E-01  0.9975254E-04
       700      3 -0.1726443E-05  0.4940469E-07  0.0000000E+00  0.0000000E+00 -0.1795580E+00  0.1980556E-03
       700      4 -0.2618790E-05 -0.7607395E-06  0.0000000E+00  0.0000000E+00 -0.4483058E+00  0.4705763E-03

       710      0  0.0000000E+00  0.0000000E+00  0.0000000E+00  0.0000000E+00  0.0000000E+00  0.0000000E+00
       710      1  0.0000000E+00  0.0000000E+00  0.0000000E+00  0.0000000E+00  0.0000000E+00  0.0000000E+00
       710      2 -0.7297808E-06  0.2770715E-06  0.0000000E+00  0.0000000E+00 -0.9064281E-01  0.9974354E-04
       710      3 -0.1890546E-05  0.4928846E-06  0.0000000E+00  0.0000000E+00 -0.1813692E+00  0.1979846E-03
       710      4 -0.4904550E-05  0.4849508E-07  0.0000000E+00  0.0000000E+00 -0.4527136E+00  0.4695289E-03

       720      0  0.0000000E+00  0.0000000E+00  0.0000000E+00  0.0000000E+00  0.0000000E+00  0.0000000E+00
       720      1  0.0000000E+00  0.0000000E+00  0.0000000E+00  0.0000000E+00  0.0000000E+00  0.0000000E+00
       720      2 -0.2063310E-06  0.1787141E-06  0.0000000E+00  0.0000000E+00 -0.9154302E-01  0.9973437E-04
       720      3 -0.1035473E-05  0.5648428E-06  0.0000000E+00  0.0000000E+00 -0.1831633E+00  0.1979121E-03
       720      4 -0.5727290E-05  0.1134784E-05  0.0000000E+00  0.0000000E+00 -0.4570725E+00  0.4684635E-03

       730      0  0.0000000E+00  0.0000000E+00  0.0000000E+00  0.0000000E+00  0.0000000E+00  0.0000000E+00
       730      1  0.0000000E+00  0.0000000E+00  0.0000000E+00  0.0000000E+00  0.0000000E+00  0.0000000E+00
       730      2 -0.1041924E-07 -0.5315450E-07  0.0000000E+00  0.0000000E+00 -0.9243492E-01  0.9972501E-04
       730      3 -0.1170050E-06  0.1846823E-06  0.0000000E+00  0.0000000E+00 -0.1849404E+00  0.1978382E-03
       730      4 -0.4513778E-05  0.1754402E-05  0.0000000E+00  0.0000000E+00 -0.4613828E+00  0.4673802E-03

       740      0  0.0000000E+00  0.0000000E+00  0.0000000E+00  0.0000000E+00  0.0000000E+00  0.0000000E+00
       740      1  0.0000000E+00  0.0000000E+00  0.0000000E+00  0.0000000E+00  0.0000000E+00  0.0000000E+00
       740      2 -0.3952495E-06 -0.1188310E-06  0.0000000E+00  0.0000000E+00 -0.9331860E-01  0.9971548E-04
       740      3 -0.1620599E-06 -0.2225057E-06  0.0000000E+00  0.0000000E+00 -0.1867006E+00  0.1977630E-03
       740      4 -0.2084817E-05  0.1479783E-05  0.0000000E+00  0.0000000E+00 -0.4656445E+00  0.4662791E-03

       750      0  0.0000000E+00  0.0000000E+00  0.0000000E+00  0.0000000E+00  0.0000000E+00  0.0000000E+00
       750      1  0.0000000E+00  0.0000000E+00  0.0000000E+00  0.0000000E+00  0.0000000E+00  0.0000000E+00
       750      2 -0.8633629E-06  0.6657471E-07  0.0000000E+00  0.0000000E+00 -0.9419412E-01  0.9970577E-04
       750      3 -0.1119956E-05 -0.2012874E-06  0.0000000E+00  0.0000000E+00 -0.1884441E+00  0.1976864E-03
       750      4 -0.1016017E-06  0.4960067E-06  0.0000000E+00  0.0000000E+00 -0.4698579E+00  0.4651606E-03

       760      0  0.0000000E+00  0.0000000E+00  0.0000000E+00  0.0000000E+00  0.0000000E+00  0.0000000E+00
       760      1  0.0000000E+00  0.0000000E+00  0.0000000E+00  0.0000000E+00  0.0000000E+00  0.0000000E+00
       760      2 -0.8096325E-06  0.2634016E-06  0.0000000E+00  0.0000000E+00 -0.9506156E-01  0.9969588E-04
       760      3 -0.1918713E-05  0.2245915E-06  0.0000000E+00  0.0000000E+00 -0.1901710E+00  0.1976083E-03
       760      4  0.7275820E-07 -0.5219301E-06  0.0000000E+00  0.0000000E+00 -0.4740232E+00  0.4640246E-03

       770      0  0.0000000E+00  0.0000000E+00  0.0000000E+00  0.0000000E+00  0.0000000E+00  0.0000000E+00
       770      1  0.0000000E+00  0.0000000E+00  0.0000000E+00  0.0000000E+00  0.0000000E+00  0.0000000E+00
       770      2 -0.3034666E-06  0.2172192E-06  0.0000000E+00  0.0000000E+00 -0.9592099E-01  0.9968581E-04
       770      3 -0.1664119E-05  0.5785954E-06  0.0000000E+00  0.0000000E+00 -0.1918814E+00  0.1975289E-03
       770      4 -0.1682514E-05 -0.8715940E-06  0.0000000E+00  0.0000000E+00 -0.4781407E+00  0.4628716E-03

       780      0  0.0000000E+00  0.0000000E+00  0.0000000E+00  0.0000000E+00  0.0000000E+00  0.0000000E+00
       780      1  0.0000000E+00  0.0000000E+00  0.0000000E+00  0.0000000E+00  0.0000000E+00  0.0000000E+00
       780      2  0.8862225E-09 -0.1228521E-07  0.0000000E+00  0.0000000E+00 -0.9677247E-01  0.9967556E-04
       780      3 -0.6404670E-06  0.4644913E-06  0.0000000E+00  0.0000000E+00 -0.1935755E+00  0.1974481E-03
       780      4 -0.4152112E-05 -0.3094458E-06  0.0000000E+00  0.0000000E+00 -0.4822104E+00  0.4617016E-03

       790      0  0.0000000E+00  0.0000000E+00  0.0000000E+00  0.0000000E+00  0.0000000E+00  0.0000000E+00
       790      1  0.0000000E+00  0.0000000E+00  0.0000000E+00  0.0000000E+00  0.0000000E+00  0.0000000E+00
       790      2 -0.2899623E-06 -0.1284489E-06  0.0000000E+00  0.0000000E+00 -0.9761609E-01  0.9966513E-04
       790      3  0.7161163E-08  0.9834212E-08  0.0000000E+00  0.0000000E+00 -0.1952535E+00  0.1973660E-03
       790      4 -0.5617492E-05  0.7762721E-06  0.0000000E+00  0.0000000E+00 -0.4862327E+00  0.4605148E-03

       800      0  0.0000000E+00  0.0000000E+00  0.0000000E+00  0.0000000E+00  0.0000000E+00  0.0000000E+00
       800      1  0.0000000E+00  0.0000000E+00  0.0000000E+00  0.0000000E+00  0.0000000E+00  0.0000000E+00
       800      2 -0.8000061E-06  0.1888559E-07  0.0000000E+00  0.0000000E+00 -0.9845191E-01  0.9965453E-04
       800      3 -0.4457340E-06 -0.2765966E-06  0.0000000E+00  0.0000000E+00 -0.1969153E+00  0.1972824E-03
       800      4 -0.5048951E-05  0.1630523E-05  0.0000000E+00  0.0000000E+00 -0.4902076E+00  0.4593116E-03

       810      0  0.0000000E+00  0.0000000E+00  0.0000000E+00  0.0000000E+00  0.0000000E+00  0.0000000E+00
       810      1  0.0000000E+00  0.0000000E+00  0.0000000E+00  0.0000000E+00  0.0000000E+00  0.0000000E+00
       810      2 -0.8698732E-06  0.2392565E-06  0.0000000E+00  0.0000000E+00 -0.9927999E-01  0.9964375E-04
       810      3 -0.1491855E-05 -0.7420101E-07  0.0000000E+00  0.0000000E+00 -0.1985612E+00  0.1971975E-03
       810      4 -0.2830052E-05  0.1655278E-05  0.0000000E+00  0.0000000E+00 -0.4941355E+00  0.4580920E-03

       820      0  0.0000000E+00  0.0000000E+00  0.0000000E+00  0.0000000E+00  0.0000000E+00  0.0000000E+00
       820      1  0.0000000E+00  0.0000000E+00  0.0000000E+00  0.0000000E+00  0.0000000E+00  0.0000000E+00
       820      2 -0.4091937E-06  0.2477814E-06  0.0000000E+00  0.0000000E+00 -0.1001004E+00  0.9963279E-04
       820      3 -0.1959566E-05  0.3904178E-06  0.0000000E+00  0.0000000E+00 -0.2001913E+00  0.1971112E-03
       820      4 -0.5013517E-06  0.8292523E-06  0.0000000E+00  0.0000000E+00 -0.4980164E+00  0.4568563E-03

       830      0  0.0000000E+00  0.0000000E+00  0.0000000E+00  0.0000000E+00  0.0000000E+00  0.0000000E+00
       830      1  0.0000000E+00  0.0000000E+00  0.0000000E+00  0.0000000E+00  0.0000000E+00  0.0000000E+00
       830      2 -0.1344759E-07  0.3342892E-07  0.0000000E+00  0.0000000E+00 -0.1009132E+00  0.9962165E-04
       830      3 -0.1324551E-05  0.5969645E-06  0.0000000E+00  0.0000000E+00 -0.2018057E+00  0.1970236E-03
       830      4  0.3102046E-06 -0.2721609E-06  0.0000000E+00  0.0000000E+00 -0.5018505E+00  0.4556048E-03

       840      0  0.0000000E+00  0.0000000E+00  0.0000000E+00  0.0000000E+00  0.0000000E+00  0.0000000E+00
       840      1  0.0000000E+00  0.0000000E+00  0.0000000E+00  0.0000000E+00  0.0000000E+00  0.0000000E+00
       840      2 -0.1941888E-06 -0.1267088E-06  0.0000000E+00  0.0000000E+00 -0.1017185E+00  0.9961034E-04
       840      3 -0.2972747E-06  0.3140007E-06  0.0000000E+00  0.0000000E+00 -0.2034045E+00  0.1969346E-03
       840      4 -0.9652947E-06 -0.8763105E-06  0.0000000E+00  0.0000000E+00 -0.5056381E+00  0.4543376E-03

       850      0  0.0000000E+00  0.0000000E+00  0.0000000E+00  0.0000000E+00  0.0000000E+00  0.0000000E+00
       850      1  0.0000000E+00  0.0000000E+00  0.0000000E+00  0.0000000E+00  0.0000000E+00  0.0000000E+00
       850      2 -0.7177228E-06 -0.2561786E-07  0.0000000E+00  0.0000000E+00 -0.1025164E+00  0.9959885E-04
       850      3 -0.2775829E-07 -0.1417088E-06  0.0000000E+00  0.0000000E+00 -0.2049879E+00  0.1968442E-03
       850      4 -0.3429503E-05 -0.5563704E-06  0.0000000E+00  0.0000000E+00 -0.5093794E+00  0.4530551E-03

       860      0  0.0000000E+00  0.0000000E+00  0.0000000E+00  0.0000000E+00  0.0000000E+00  0.0000000E+00
       860      1  0.0000000E+00  0.0000000E+00  0.0000000E+00  0.0000000E+00  0.0000000E+00  0.0000000E+00
       860      2 -0.9071888E-06  0.2060091E-06  0.0000000E+00  0.0000000E+00 -0.1033068E+00  0.9958718E-04
       860      3 -0.8175278E-06 -0.2597912E-06  0.0000000E+00  0.0000000E+00 -0.2065560E+00  0.1967525E-03
       860      4 -0.5337792E-05  0.4637795E-06  0.0000000E+00  0.0000000E+00 -0.5130745E+00  0.4517574E-03

       870      0  0.0000000E+00  0.0000000E+00  0.0000000E+00  0.0000000E+00  0.0000000E+00  0.0000000E+00
       870      1  0.0000000E+00  0.0000000E+00  0.0000000E+00  0.0000000E+00  0.0000000E+00  0.0000000E+00
       870      2 -0.5175869E-06  0.2687181E-06  0.0000000E+00  0.0000000E+00 -0.1040899E+00  0.9957534E-04
       870      3 -0.1781418E-05  0.9202233E-07  0.0000000E+00  0.0000000E+00 -0.2081088E+00  0.1966594E-03
       870      4 -0.5328406E-05  0.1462381E-05  0.0000000E+00  0.0000000E+00 -0.5167236E+00  0.4504448E-03

       880      0  0.0000000E+00  0.0000000E+00  0.0000000E+00  0.0000000E+00  0.0000000E+00  0.0000000E+00
       880      1  0.0000000E+00  0.0000000E+00  0.0000000E+00  0.0000000E+00  0.0000000E+00  0.0000000E+00
       880      2 -0.5254017E-07  0.8142591E-07  0.0000000E+00  0.0000000E+00 -0.1048657E+00  0.9956332E-04
       880      3 -0.1838864E-05  0.5195160E-06  0.0000000E+00  0.0000000E+00 -0.2096466E+00  0.1965650E-03
       880      4 -0.3394007E-05  0.1728312E-05  0.0000000E+00  0.0000000E+00 -0.5203268E+00  0.4491176E-03

       890      0  0.0000000E+00  0.0000000E+00  0.0000000E+00  0.0000000E+00  0.0000000E+00  0.0000000E+00
       890      1  0.0000000E+00  0.0000000E+00  0.0000000E+00  0.0000000E+00  0.0000000E+00  0.0000000E+00
       890      2 -0.1132249E-06 -0.1137420E-06  0.0000000E+00  0.0000000E+00 -0.1056343E+00  0.9955112E-04
       890      3 -0.9247712E-06  0.5435330E-06  0.0000000E+00  0.0000000E+00 -0.2111695E+00  0.1964692E-03
       890      4 -0.8994115E-06  0.1068077E-05  0.0000000E+00  0.0000000E+00 -0.5238844E+00  0.4477760E-03

       900      0  0.0000000E+00  0.0000000E+00  0.0000000E+00  0.0000000E+00  0.0000000E+00  0.0000000E+00
       900      1  0.0000000E+00  0.0000000E+00  0.0000000E+00  0.0000000E+00  0.0000000E+00  0.0000000E+00
       900      2 -0.6211392E-06 -0.6446948E-07  0.0000000E+00  0.0000000E+00 -0.1063958E+00  0.9953876E-04
       900      3 -0.6295103E-07  0.1369872E-06  0.0000000E+00  0.0000000E+00 -0.2126774E+00  0.1963722E-03
       900      4  0.3811913E-06 -0.5105401E-07  0.0000000E+00  0.0000000E+00 -0.5273965E+00  0.4464203E-03

       910      0  0.0000000E+00  0.0000000E+00  0.0000000E+00  0.0000000E+00  0.0000000E+00  0.0000000E+00
       910      1  0.0000000E+00  0.0000000E+00  0.0000000E+00  0.0000000E+00  0.0000000E+00  0.0000000E+00
       910      2 -0.9195620E-06  0.1655352E-06  0.0000000E+00  0.0000000E+00 -0.1071502E+00  0.9952621E-04
       910      3 -0.2189488E-06 -0.2445575E-06  0.0000000E+00  0.0000000E+00 -0.2141707E+00  0.1962738E-03
       910      4 -0.4678885E-06 -0.8297509E-06  0.0000000E+00  0.0000000E+00 -0.5308633E+00  0.4450507E-03

       920      0  0.0000000E+00  0.0000000E+00  0.0000000E+00  0.0000000E+00  0.0000000E+00  0.0000000E+00
       920      1  0.0000000E+00  0.0000000E+00  0.0000000E+00  0.0000000E+00  0.0000000E+00  0.0000000E+00
       920      2 -0.6225995E-06  0.2788928E-06  0.0000000E+00  0.0000000E+00 -0.1078976E+00  0.9951350E-04
       920      3 -0.1217487E-05 -0.1734133E-06  0.0000000E+00  0.0000000E+00 -0.2156493E+00  0.1961740E-03
       920      4 -0.2837490E-05 -0.7080449E-06  0.0000000E+00  0.0000000E+00 -0.5342851E+00  0.4436676E-03

       930      0  0.0000000E+00  0.0000000E+00  0.0000000E+00  0.0000000E+00  0.0000000E+00  0.0000000E+00
       930      1  0.0000000E+00  0.0000000E+00  0.0000000E+00  0.0000000E+00  0.0000000E+00  0.0000000E+00
       930      2 -0.1141303E-06  0.1290287E-06  0.0000000E+00  0.0000000E+00 -0.1086381E+00  0.9950060E-04
       930      3 -0.1938449E-05  0.2706360E-06  0.0000000E+00  0.0000000E+00 -0.2171135E+00  0.1960730E-03
       930      4 -0.5018110E-05  0.2287031E-06  0.0000000E+00  0.0000000E+00 -0.5376618E+00  0.4422711E-03

       940      0  0.0000000E+00  0.0000000E+00  0.0000000E+00  0.0000000E+00  0.0000000E+00  0.0000000E+00
       940      1  0.0000000E+00  0.0000000E+00  0.0000000E+00  0.0000000E+00  0.0000000E+00  0.0000000E+00
       940      2 -0.5151146E-07 -0.9030653E-07  0.0000000E+00  0.0000000E+00 -0.1093716E+00  0.9948754E-04
       940      3 -0.1572620E-05  0.5895626E-06  0.0000000E+00  0.0000000E+00 -0.2185632E+00  0.1959707E-03
       940      4 -0.5425135E-05  0.1305286E-05  0.0000000E+00  0.0000000E+00 -0.5409938E+00  0.4408616E-03

       950      0  0.0000000E+00  0.0000000E+00  0.0000000E+00  0.0000000E+00  0.0000000E+00  0.0000000E+00
       950      1  0.0000000E+00  0.0000000E+00  0.0000000E+00  0.0000000E+00  0.0000000E+00  0.0000000E+00
       950      2 -0.5156543E-06 -0.9553165E-07  0.0000000E+00  0.0000000E+00 -0.1100983E+00  0.9947430E-04
       950      3 -0.5295253E-06  0.4255094E-06  0.0000000E+00  0.0000000E+00 -0.2199987E+00  0.1958670E-03
       950      4 -0.3748976E-05  0.1740457E-05  0.0000000E+00  0.0000000E+00 -0.5442813E+00  0.4394394E-03

       960      0  0.0000000E+00  0.0000000E+00  0.0000000E+00  0.0000000E+00  0.0000000E+00  0.0000000E+00
       960      1  0.0000000E+00  0.0000000E+00  0.0000000E+00  0.0000000E+00  0.0000000E+00  0.0000000E+00
       960      2 -0.9063765E-06  0.1201035E-06  0.0000000E+00  0.0000000E+00 -0.1108183E+00  0.9946090E-04
       960      3  0.2137735E-07 -0.3767775E-07  0.0000000E+00  0.0000000E+00 -0.2214200E+00  0.1957621E-03
       960      4 -0.1192682E-05  0.1213960E-05  0.0000000E+00  0.0000000E+00 -0.5475242E+00  0.4380046E-03

       970      0  0.0000000E+00  0.0000000E+00  0.0000000E+00  0.0000000E+00  0.0000000E+00  0.0000000E+00
       970      1  0.0000000E+00  0.0000000E+00  0.0000000E+00  0.0000000E+00  0.0000000E+00  0.0000000E+00
       970      2 -0.7184042E-06  0.2777749E-06  0.0000000E+00  0.0000000E+00 -0.1115315E+00  0.9944732E-04
       970      3 -0.5375277E-06 -0.2804486E-06  0.0000000E+00  0.0000000E+00 -0.2228272E+00  0.1956559E-03
       970      4  0.3904870E-06  0.1046352E-06  0.0000000E+00  0.0000000E+00 -0.5507230E+00  0.4365577E-03

       980      0  0.0000000E+00  0.0000000E+00  0.0000000E+00  0.0000000E+00  0.0000000E+00  0.0000000E+00
       980      1  0.0000000E+00  0.0000000E+00  0.0000000E+00  0.0000000E+00  0.0000000E+00  0.0000000E+00
       980      2 -0.1947135E-06  0.1735968E-06  0.0000000E+00  0.0000000E+00 -0.1122381E+00  0.9943357E-04
       980      3 -0.1578635E-05 -0.3041721E-07  0.0000000E+00  0.0000000E+00 -0.2242205E+00  0.1955484E-03
       980      4 -0.1538813E-06 -0.7797063E-06  0.0000000E+00  0.0000000E+00 -0.5538776E+00  0.4350988E-03

       990      0  0.0000000E+00  0.0000000E+00  0.0000000E+00  0.0000000E+00  0.0000000E+00  0.0000000E+00
       990      1  0.0000000E+00  0.0000000E+00  0.0000000E+00  0.0000000E+00  0.0000000E+00  0.0000000E+00
       990      2 -0.1239016E-07 -0.5773989E-07  0.0000000E+00  0.0000000E+00 -0.1129380E+00  0.9941965E-04
       990      3 -0.1932871E-05  0.4317813E-06  0.0000000E+00  0.0000000E+00 -0.2256000E+00  0.1954396E-03
       990      4 -0.2427497E-05 -0.7905969E-06  0.0000000E+00  0.0000000E+00 -0.5569883E+00  0.4336283E-03

      1000      0  0.0000000E+00  0.0000000E+00  0.0000000E+00  0.0000000E+00  0.0000000E+00  0.0000000E+00
      1000      1  0.0000000E+00  0.0000000E+00  0.0000000E+00  0.0000000E+00  0.0000000E+00  0.0000000E+00
      1000      2 -0.4071315E-06 -0.1171129E-06  0.0000000E+00  0.0000000E+00 -0.1136315E+00  0.9940556E-04
      1000      3 -0.1201785E-05  0.5872310E-06  0.0000000E+00  0.0000000E+00 -0.2269657E+00  0.1953295E-03
      1000      4 -0.4756770E-05  0.8232942E-07  0.0000000E+00  0.0000000E+00 -0.5600554E+00  0.4321465E-03
